0 	 256 	 0.541266 
0 	 365 	 0.541266 
0 	 474 	 0.541266 
0 	 502 	 0.541266 
1 	 257 	 0.541266 
1 	 356 	 0.541266 
1 	 465 	 0.541266 
1 	 505 	 0.541266 
2 	 258 	 0.541266 
2 	 359 	 0.541266 
2 	 468 	 0.541266 
2 	 508 	 0.541266 
3 	 259 	 0.541266 
3 	 362 	 0.541266 
3 	 471 	 0.541266 
3 	 511 	 0.541266 
4 	 260 	 0.541266 
4 	 329 	 0.541266 
4 	 466 	 0.541266 
4 	 486 	 0.541266 
5 	 261 	 0.541266 
5 	 320 	 0.541266 
5 	 469 	 0.541266 
5 	 477 	 0.541266 
6 	 262 	 0.541266 
6 	 323 	 0.541266 
6 	 472 	 0.541266 
6 	 480 	 0.541266 
7 	 263 	 0.541266 
7 	 326 	 0.541266 
7 	 475 	 0.541266 
7 	 483 	 0.541266 
8 	 264 	 0.541266 
8 	 341 	 0.541266 
8 	 478 	 0.541266 
8 	 498 	 0.541266 
9 	 265 	 0.541266 
9 	 332 	 0.541266 
9 	 481 	 0.541266 
9 	 489 	 0.541266 
10 	 266 	 0.541266 
10 	 335 	 0.541266 
10 	 484 	 0.541266 
10 	 492 	 0.541266 
11 	 267 	 0.541266 
11 	 338 	 0.541266 
11 	 487 	 0.541266 
11 	 495 	 0.541266 
12 	 268 	 0.541266 
12 	 353 	 0.541266 
12 	 490 	 0.541266 
12 	 510 	 0.541266 
13 	 269 	 0.541266 
13 	 344 	 0.541266 
13 	 493 	 0.541266 
13 	 501 	 0.541266 
14 	 270 	 0.541266 
14 	 347 	 0.541266 
14 	 496 	 0.541266 
14 	 504 	 0.541266 
15 	 271 	 0.541266 
15 	 350 	 0.541266 
15 	 499 	 0.541266 
15 	 507 	 0.541266 
16 	 272 	 0.541266 
16 	 330 	 0.541266 
16 	 358 	 0.541266 
16 	 413 	 0.541266 
17 	 273 	 0.541266 
17 	 321 	 0.541266 
17 	 361 	 0.541266 
17 	 404 	 0.541266 
18 	 274 	 0.541266 
18 	 324 	 0.541266 
18 	 364 	 0.541266 
18 	 407 	 0.541266 
19 	 275 	 0.541266 
19 	 327 	 0.541266 
19 	 367 	 0.541266 
19 	 410 	 0.541266 
20 	 276 	 0.541266 
20 	 322 	 0.541266 
20 	 342 	 0.541266 
20 	 377 	 0.541266 
21 	 277 	 0.541266 
21 	 325 	 0.541266 
21 	 333 	 0.541266 
21 	 368 	 0.541266 
22 	 278 	 0.541266 
22 	 328 	 0.541266 
22 	 336 	 0.541266 
22 	 371 	 0.541266 
23 	 279 	 0.541266 
23 	 331 	 0.541266 
23 	 339 	 0.541266 
23 	 374 	 0.541266 
24 	 280 	 0.541266 
24 	 334 	 0.541266 
24 	 354 	 0.541266 
24 	 389 	 0.541266 
25 	 281 	 0.541266 
25 	 337 	 0.541266 
25 	 345 	 0.541266 
25 	 380 	 0.541266 
26 	 282 	 0.541266 
26 	 340 	 0.541266 
26 	 348 	 0.541266 
26 	 383 	 0.541266 
27 	 283 	 0.541266 
27 	 343 	 0.541266 
27 	 351 	 0.541266 
27 	 386 	 0.541266 
28 	 284 	 0.541266 
28 	 346 	 0.541266 
28 	 366 	 0.541266 
28 	 401 	 0.541266 
29 	 285 	 0.541266 
29 	 349 	 0.541266 
29 	 357 	 0.541266 
29 	 392 	 0.541266 
30 	 286 	 0.541266 
30 	 352 	 0.541266 
30 	 360 	 0.541266 
30 	 395 	 0.541266 
31 	 287 	 0.541266 
31 	 355 	 0.541266 
31 	 363 	 0.541266 
31 	 398 	 0.541266 
32 	 288 	 0.541266 
32 	 378 	 0.541266 
32 	 406 	 0.541266 
32 	 461 	 0.541266 
33 	 289 	 0.541266 
33 	 369 	 0.541266 
33 	 409 	 0.541266 
33 	 452 	 0.541266 
34 	 290 	 0.541266 
34 	 372 	 0.541266 
34 	 412 	 0.541266 
34 	 455 	 0.541266 
35 	 291 	 0.541266 
35 	 375 	 0.541266 
35 	 415 	 0.541266 
35 	 458 	 0.541266 
36 	 292 	 0.541266 
36 	 370 	 0.541266 
36 	 390 	 0.541266 
36 	 425 	 0.541266 
37 	 293 	 0.541266 
37 	 373 	 0.541266 
37 	 381 	 0.541266 
37 	 416 	 0.541266 
38 	 294 	 0.541266 
38 	 376 	 0.541266 
38 	 384 	 0.541266 
38 	 419 	 0.541266 
39 	 295 	 0.541266 
39 	 379 	 0.541266 
39 	 387 	 0.541266 
39 	 422 	 0.541266 
40 	 296 	 0.541266 
40 	 382 	 0.541266 
40 	 402 	 0.541266 
40 	 437 	 0.541266 
41 	 297 	 0.541266 
41 	 385 	 0.541266 
41 	 393 	 0.541266 
41 	 428 	 0.541266 
42 	 298 	 0.541266 
42 	 388 	 0.541266 
42 	 396 	 0.541266 
42 	 431 	 0.541266 
43 	 299 	 0.541266 
43 	 391 	 0.541266 
43 	 399 	 0.541266 
43 	 434 	 0.541266 
44 	 300 	 0.541266 
44 	 394 	 0.541266 
44 	 414 	 0.541266 
44 	 449 	 0.541266 
45 	 301 	 0.541266 
45 	 397 	 0.541266 
45 	 405 	 0.541266 
45 	 440 	 0.541266 
46 	 302 	 0.541266 
46 	 400 	 0.541266 
46 	 408 	 0.541266 
46 	 443 	 0.541266 
47 	 303 	 0.541266 
47 	 403 	 0.541266 
47 	 411 	 0.541266 
47 	 446 	 0.541266 
48 	 304 	 0.541266 
48 	 426 	 0.541266 
48 	 454 	 0.541266 
48 	 509 	 0.541266 
49 	 305 	 0.541266 
49 	 417 	 0.541266 
49 	 457 	 0.541266 
49 	 500 	 0.541266 
50 	 306 	 0.541266 
50 	 420 	 0.541266 
50 	 460 	 0.541266 
50 	 503 	 0.541266 
51 	 307 	 0.541266 
51 	 423 	 0.541266 
51 	 463 	 0.541266 
51 	 506 	 0.541266 
52 	 308 	 0.541266 
52 	 418 	 0.541266 
52 	 438 	 0.541266 
52 	 473 	 0.541266 
53 	 309 	 0.541266 
53 	 421 	 0.541266 
53 	 429 	 0.541266 
53 	 464 	 0.541266 
54 	 310 	 0.541266 
54 	 424 	 0.541266 
54 	 432 	 0.541266 
54 	 467 	 0.541266 
55 	 311 	 0.541266 
55 	 427 	 0.541266 
55 	 435 	 0.541266 
55 	 470 	 0.541266 
56 	 312 	 0.541266 
56 	 430 	 0.541266 
56 	 450 	 0.541266 
56 	 485 	 0.541266 
57 	 313 	 0.541266 
57 	 433 	 0.541266 
57 	 441 	 0.541266 
57 	 476 	 0.541266 
58 	 314 	 0.541266 
58 	 436 	 0.541266 
58 	 444 	 0.541266 
58 	 479 	 0.541266 
59 	 315 	 0.541266 
59 	 439 	 0.541266 
59 	 447 	 0.541266 
59 	 482 	 0.541266 
60 	 316 	 0.541266 
60 	 442 	 0.541266 
60 	 462 	 0.541266 
60 	 497 	 0.541266 
61 	 317 	 0.541266 
61 	 445 	 0.541266 
61 	 453 	 0.541266 
61 	 488 	 0.541266 
62 	 318 	 0.541266 
62 	 448 	 0.541266 
62 	 456 	 0.541266 
62 	 491 	 0.541266 
63 	 319 	 0.541266 
63 	 451 	 0.541266 
63 	 459 	 0.541266 
63 	 494 	 0.541266 
64 	 256 	 0.541266 
64 	 320 	 0.541266 
64 	 465 	 0.541266 
64 	 466 	 0.541266 
65 	 256 	 0.541266 
65 	 321 	 0.541266 
65 	 356 	 0.541266 
65 	 358 	 0.541266 
66 	 256 	 0.541266 
66 	 322 	 0.541266 
66 	 329 	 0.541266 
66 	 330 	 0.541266 
67 	 257 	 0.541266 
67 	 323 	 0.541266 
67 	 468 	 0.541266 
67 	 469 	 0.541266 
68 	 257 	 0.541266 
68 	 324 	 0.541266 
68 	 359 	 0.541266 
68 	 361 	 0.541266 
69 	 257 	 0.541266 
69 	 320 	 0.541266 
69 	 321 	 0.541266 
69 	 325 	 0.541266 
70 	 258 	 0.541266 
70 	 326 	 0.541266 
70 	 471 	 0.541266 
70 	 472 	 0.541266 
71 	 258 	 0.541266 
71 	 327 	 0.541266 
71 	 362 	 0.541266 
71 	 364 	 0.541266 
72 	 258 	 0.541266 
72 	 323 	 0.541266 
72 	 324 	 0.541266 
72 	 328 	 0.541266 
73 	 259 	 0.541266 
73 	 329 	 0.541266 
73 	 474 	 0.541266 
73 	 475 	 0.541266 
74 	 259 	 0.541266 
74 	 330 	 0.541266 
74 	 365 	 0.541266 
74 	 367 	 0.541266 
75 	 259 	 0.541266 
75 	 326 	 0.541266 
75 	 327 	 0.541266 
75 	 331 	 0.541266 
76 	 260 	 0.541266 
76 	 332 	 0.541266 
76 	 477 	 0.541266 
76 	 478 	 0.541266 
77 	 260 	 0.541266 
77 	 320 	 0.541266 
77 	 322 	 0.541266 
77 	 333 	 0.541266 
78 	 260 	 0.541266 
78 	 334 	 0.541266 
78 	 341 	 0.541266 
78 	 342 	 0.541266 
79 	 261 	 0.541266 
79 	 335 	 0.541266 
79 	 480 	 0.541266 
79 	 481 	 0.541266 
80 	 261 	 0.541266 
80 	 323 	 0.541266 
80 	 325 	 0.541266 
80 	 336 	 0.541266 
81 	 261 	 0.541266 
81 	 332 	 0.541266 
81 	 333 	 0.541266 
81 	 337 	 0.541266 
82 	 262 	 0.541266 
82 	 338 	 0.541266 
82 	 483 	 0.541266 
82 	 484 	 0.541266 
83 	 262 	 0.541266 
83 	 326 	 0.541266 
83 	 328 	 0.541266 
83 	 339 	 0.541266 
84 	 262 	 0.541266 
84 	 335 	 0.541266 
84 	 336 	 0.541266 
84 	 340 	 0.541266 
85 	 263 	 0.541266 
85 	 341 	 0.541266 
85 	 486 	 0.541266 
85 	 487 	 0.541266 
86 	 263 	 0.541266 
86 	 329 	 0.541266 
86 	 331 	 0.541266 
86 	 342 	 0.541266 
87 	 263 	 0.541266 
87 	 338 	 0.541266 
87 	 339 	 0.541266 
87 	 343 	 0.541266 
88 	 264 	 0.541266 
88 	 344 	 0.541266 
88 	 489 	 0.541266 
88 	 490 	 0.541266 
89 	 264 	 0.541266 
89 	 332 	 0.541266 
89 	 334 	 0.541266 
89 	 345 	 0.541266 
90 	 264 	 0.541266 
90 	 346 	 0.541266 
90 	 353 	 0.541266 
90 	 354 	 0.541266 
91 	 265 	 0.541266 
91 	 347 	 0.541266 
91 	 492 	 0.541266 
91 	 493 	 0.541266 
92 	 265 	 0.541266 
92 	 335 	 0.541266 
92 	 337 	 0.541266 
92 	 348 	 0.541266 
93 	 265 	 0.541266 
93 	 344 	 0.541266 
93 	 345 	 0.541266 
93 	 349 	 0.541266 
94 	 266 	 0.541266 
94 	 350 	 0.541266 
94 	 495 	 0.541266 
94 	 496 	 0.541266 
95 	 266 	 0.541266 
95 	 338 	 0.541266 
95 	 340 	 0.541266 
95 	 351 	 0.541266 
96 	 266 	 0.541266 
96 	 347 	 0.541266 
96 	 348 	 0.541266 
96 	 352 	 0.541266 
97 	 267 	 0.541266 
97 	 353 	 0.541266 
97 	 498 	 0.541266 
97 	 499 	 0.541266 
98 	 267 	 0.541266 
98 	 341 	 0.541266 
98 	 343 	 0.541266 
98 	 354 	 0.541266 
99 	 267 	 0.541266 
99 	 350 	 0.541266 
99 	 351 	 0.541266 
99 	 355 	 0.541266 
100 	 268 	 0.541266 
100 	 356 	 0.541266 
100 	 501 	 0.541266 
100 	 502 	 0.541266 
101 	 268 	 0.541266 
101 	 344 	 0.541266 
101 	 346 	 0.541266 
101 	 357 	 0.541266 
102 	 268 	 0.541266 
102 	 358 	 0.541266 
102 	 365 	 0.541266 
102 	 366 	 0.541266 
103 	 269 	 0.541266 
103 	 359 	 0.541266 
103 	 504 	 0.541266 
103 	 505 	 0.541266 
104 	 269 	 0.541266 
104 	 347 	 0.541266 
104 	 349 	 0.541266 
104 	 360 	 0.541266 
105 	 269 	 0.541266 
105 	 356 	 0.541266 
105 	 357 	 0.541266 
105 	 361 	 0.541266 
106 	 270 	 0.541266 
106 	 362 	 0.541266 
106 	 507 	 0.541266 
106 	 508 	 0.541266 
107 	 270 	 0.541266 
107 	 350 	 0.541266 
107 	 352 	 0.541266 
107 	 363 	 0.541266 
108 	 270 	 0.541266 
108 	 359 	 0.541266 
108 	 360 	 0.541266 
108 	 364 	 0.541266 
109 	 271 	 0.541266 
109 	 365 	 0.541266 
109 	 510 	 0.541266 
109 	 511 	 0.541266 
110 	 271 	 0.541266 
110 	 353 	 0.541266 
110 	 355 	 0.541266 
110 	 366 	 0.541266 
111 	 271 	 0.541266 
111 	 362 	 0.541266 
111 	 363 	 0.541266 
111 	 367 	 0.541266 
112 	 272 	 0.541266 
112 	 321 	 0.541266 
112 	 322 	 0.541266 
112 	 368 	 0.541266 
113 	 272 	 0.541266 
113 	 369 	 0.541266 
113 	 404 	 0.541266 
113 	 406 	 0.541266 
114 	 272 	 0.541266 
114 	 370 	 0.541266 
114 	 377 	 0.541266 
114 	 378 	 0.541266 
115 	 273 	 0.541266 
115 	 324 	 0.541266 
115 	 325 	 0.541266 
115 	 371 	 0.541266 
116 	 273 	 0.541266 
116 	 372 	 0.541266 
116 	 407 	 0.541266 
116 	 409 	 0.541266 
117 	 273 	 0.541266 
117 	 368 	 0.541266 
117 	 369 	 0.541266 
117 	 373 	 0.541266 
118 	 274 	 0.541266 
118 	 327 	 0.541266 
118 	 328 	 0.541266 
118 	 374 	 0.541266 
119 	 274 	 0.541266 
119 	 375 	 0.541266 
119 	 410 	 0.541266 
119 	 412 	 0.541266 
120 	 274 	 0.541266 
120 	 371 	 0.541266 
120 	 372 	 0.541266 
120 	 376 	 0.541266 
121 	 275 	 0.541266 
121 	 330 	 0.541266 
121 	 331 	 0.541266 
121 	 377 	 0.541266 
122 	 275 	 0.541266 
122 	 378 	 0.541266 
122 	 413 	 0.541266 
122 	 415 	 0.541266 
123 	 275 	 0.541266 
123 	 374 	 0.541266 
123 	 375 	 0.541266 
123 	 379 	 0.541266 
124 	 276 	 0.541266 
124 	 333 	 0.541266 
124 	 334 	 0.541266 
124 	 380 	 0.541266 
125 	 276 	 0.541266 
125 	 368 	 0.541266 
125 	 370 	 0.541266 
125 	 381 	 0.541266 
126 	 276 	 0.541266 
126 	 382 	 0.541266 
126 	 389 	 0.541266 
126 	 390 	 0.541266 
127 	 277 	 0.541266 
127 	 336 	 0.541266 
127 	 337 	 0.541266 
127 	 383 	 0.541266 
128 	 277 	 0.541266 
128 	 371 	 0.541266 
128 	 373 	 0.541266 
128 	 384 	 0.541266 
129 	 277 	 0.541266 
129 	 380 	 0.541266 
129 	 381 	 0.541266 
129 	 385 	 0.541266 
130 	 278 	 0.541266 
130 	 339 	 0.541266 
130 	 340 	 0.541266 
130 	 386 	 0.541266 
131 	 278 	 0.541266 
131 	 374 	 0.541266 
131 	 376 	 0.541266 
131 	 387 	 0.541266 
132 	 278 	 0.541266 
132 	 383 	 0.541266 
132 	 384 	 0.541266 
132 	 388 	 0.541266 
133 	 279 	 0.541266 
133 	 342 	 0.541266 
133 	 343 	 0.541266 
133 	 389 	 0.541266 
134 	 279 	 0.541266 
134 	 377 	 0.541266 
134 	 379 	 0.541266 
134 	 390 	 0.541266 
135 	 279 	 0.541266 
135 	 386 	 0.541266 
135 	 387 	 0.541266 
135 	 391 	 0.541266 
136 	 280 	 0.541266 
136 	 345 	 0.541266 
136 	 346 	 0.541266 
136 	 392 	 0.541266 
137 	 280 	 0.541266 
137 	 380 	 0.541266 
137 	 382 	 0.541266 
137 	 393 	 0.541266 
138 	 280 	 0.541266 
138 	 394 	 0.541266 
138 	 401 	 0.541266 
138 	 402 	 0.541266 
139 	 281 	 0.541266 
139 	 348 	 0.541266 
139 	 349 	 0.541266 
139 	 395 	 0.541266 
140 	 281 	 0.541266 
140 	 383 	 0.541266 
140 	 385 	 0.541266 
140 	 396 	 0.541266 
141 	 281 	 0.541266 
141 	 392 	 0.541266 
141 	 393 	 0.541266 
141 	 397 	 0.541266 
142 	 282 	 0.541266 
142 	 351 	 0.541266 
142 	 352 	 0.541266 
142 	 398 	 0.541266 
143 	 282 	 0.541266 
143 	 386 	 0.541266 
143 	 388 	 0.541266 
143 	 399 	 0.541266 
144 	 282 	 0.541266 
144 	 395 	 0.541266 
144 	 396 	 0.541266 
144 	 400 	 0.541266 
145 	 283 	 0.541266 
145 	 354 	 0.541266 
145 	 355 	 0.541266 
145 	 401 	 0.541266 
146 	 283 	 0.541266 
146 	 389 	 0.541266 
146 	 391 	 0.541266 
146 	 402 	 0.541266 
147 	 283 	 0.541266 
147 	 398 	 0.541266 
147 	 399 	 0.541266 
147 	 403 	 0.541266 
148 	 284 	 0.541266 
148 	 357 	 0.541266 
148 	 358 	 0.541266 
148 	 404 	 0.541266 
149 	 284 	 0.541266 
149 	 392 	 0.541266 
149 	 394 	 0.541266 
149 	 405 	 0.541266 
150 	 284 	 0.541266 
150 	 406 	 0.541266 
150 	 413 	 0.541266 
150 	 414 	 0.541266 
151 	 285 	 0.541266 
151 	 360 	 0.541266 
151 	 361 	 0.541266 
151 	 407 	 0.541266 
152 	 285 	 0.541266 
152 	 395 	 0.541266 
152 	 397 	 0.541266 
152 	 408 	 0.541266 
153 	 285 	 0.541266 
153 	 404 	 0.541266 
153 	 405 	 0.541266 
153 	 409 	 0.541266 
154 	 286 	 0.541266 
154 	 363 	 0.541266 
154 	 364 	 0.541266 
154 	 410 	 0.541266 
155 	 286 	 0.541266 
155 	 398 	 0.541266 
155 	 400 	 0.541266 
155 	 411 	 0.541266 
156 	 286 	 0.541266 
156 	 407 	 0.541266 
156 	 408 	 0.541266 
156 	 412 	 0.541266 
157 	 287 	 0.541266 
157 	 366 	 0.541266 
157 	 367 	 0.541266 
157 	 413 	 0.541266 
158 	 287 	 0.541266 
158 	 401 	 0.541266 
158 	 403 	 0.541266 
158 	 414 	 0.541266 
159 	 287 	 0.541266 
159 	 410 	 0.541266 
159 	 411 	 0.541266 
159 	 415 	 0.541266 
160 	 288 	 0.541266 
160 	 369 	 0.541266 
160 	 370 	 0.541266 
160 	 416 	 0.541266 
161 	 288 	 0.541266 
161 	 417 	 0.541266 
161 	 452 	 0.541266 
161 	 454 	 0.541266 
162 	 288 	 0.541266 
162 	 418 	 0.541266 
162 	 425 	 0.541266 
162 	 426 	 0.541266 
163 	 289 	 0.541266 
163 	 372 	 0.541266 
163 	 373 	 0.541266 
163 	 419 	 0.541266 
164 	 289 	 0.541266 
164 	 420 	 0.541266 
164 	 455 	 0.541266 
164 	 457 	 0.541266 
165 	 289 	 0.541266 
165 	 416 	 0.541266 
165 	 417 	 0.541266 
165 	 421 	 0.541266 
166 	 290 	 0.541266 
166 	 375 	 0.541266 
166 	 376 	 0.541266 
166 	 422 	 0.541266 
167 	 290 	 0.541266 
167 	 423 	 0.541266 
167 	 458 	 0.541266 
167 	 460 	 0.541266 
168 	 290 	 0.541266 
168 	 419 	 0.541266 
168 	 420 	 0.541266 
168 	 424 	 0.541266 
169 	 291 	 0.541266 
169 	 378 	 0.541266 
169 	 379 	 0.541266 
169 	 425 	 0.541266 
170 	 291 	 0.541266 
170 	 426 	 0.541266 
170 	 461 	 0.541266 
170 	 463 	 0.541266 
171 	 291 	 0.541266 
171 	 422 	 0.541266 
171 	 423 	 0.541266 
171 	 427 	 0.541266 
172 	 292 	 0.541266 
172 	 381 	 0.541266 
172 	 382 	 0.541266 
172 	 428 	 0.541266 
173 	 292 	 0.541266 
173 	 416 	 0.541266 
173 	 418 	 0.541266 
173 	 429 	 0.541266 
174 	 292 	 0.541266 
174 	 430 	 0.541266 
174 	 437 	 0.541266 
174 	 438 	 0.541266 
175 	 293 	 0.541266 
175 	 384 	 0.541266 
175 	 385 	 0.541266 
175 	 431 	 0.541266 
176 	 293 	 0.541266 
176 	 419 	 0.541266 
176 	 421 	 0.541266 
176 	 432 	 0.541266 
177 	 293 	 0.541266 
177 	 428 	 0.541266 
177 	 429 	 0.541266 
177 	 433 	 0.541266 
178 	 294 	 0.541266 
178 	 387 	 0.541266 
178 	 388 	 0.541266 
178 	 434 	 0.541266 
179 	 294 	 0.541266 
179 	 422 	 0.541266 
179 	 424 	 0.541266 
179 	 435 	 0.541266 
180 	 294 	 0.541266 
180 	 431 	 0.541266 
180 	 432 	 0.541266 
180 	 436 	 0.541266 
181 	 295 	 0.541266 
181 	 390 	 0.541266 
181 	 391 	 0.541266 
181 	 437 	 0.541266 
182 	 295 	 0.541266 
182 	 425 	 0.541266 
182 	 427 	 0.541266 
182 	 438 	 0.541266 
183 	 295 	 0.541266 
183 	 434 	 0.541266 
183 	 435 	 0.541266 
183 	 439 	 0.541266 
184 	 296 	 0.541266 
184 	 393 	 0.541266 
184 	 394 	 0.541266 
184 	 440 	 0.541266 
185 	 296 	 0.541266 
185 	 428 	 0.541266 
185 	 430 	 0.541266 
185 	 441 	 0.541266 
186 	 296 	 0.541266 
186 	 442 	 0.541266 
186 	 449 	 0.541266 
186 	 450 	 0.541266 
187 	 297 	 0.541266 
187 	 396 	 0.541266 
187 	 397 	 0.541266 
187 	 443 	 0.541266 
188 	 297 	 0.541266 
188 	 431 	 0.541266 
188 	 433 	 0.541266 
188 	 444 	 0.541266 
189 	 297 	 0.541266 
189 	 440 	 0.541266 
189 	 441 	 0.541266 
189 	 445 	 0.541266 
190 	 298 	 0.541266 
190 	 399 	 0.541266 
190 	 400 	 0.541266 
190 	 446 	 0.541266 
191 	 298 	 0.541266 
191 	 434 	 0.541266 
191 	 436 	 0.541266 
191 	 447 	 0.541266 
192 	 298 	 0.541266 
192 	 443 	 0.541266 
192 	 444 	 0.541266 
192 	 448 	 0.541266 
193 	 299 	 0.541266 
193 	 402 	 0.541266 
193 	 403 	 0.541266 
193 	 449 	 0.541266 
194 	 299 	 0.541266 
194 	 437 	 0.541266 
194 	 439 	 0.541266 
194 	 450 	 0.541266 
195 	 299 	 0.541266 
195 	 446 	 0.541266 
195 	 447 	 0.541266 
195 	 451 	 0.541266 
196 	 300 	 0.541266 
196 	 405 	 0.541266 
196 	 406 	 0.541266 
196 	 452 	 0.541266 
197 	 300 	 0.541266 
197 	 440 	 0.541266 
197 	 442 	 0.541266 
197 	 453 	 0.541266 
198 	 300 	 0.541266 
198 	 454 	 0.541266 
198 	 461 	 0.541266 
198 	 462 	 0.541266 
199 	 301 	 0.541266 
199 	 408 	 0.541266 
199 	 409 	 0.541266 
199 	 455 	 0.541266 
200 	 301 	 0.541266 
200 	 443 	 0.541266 
200 	 445 	 0.541266 
200 	 456 	 0.541266 
201 	 301 	 0.541266 
201 	 452 	 0.541266 
201 	 453 	 0.541266 
201 	 457 	 0.541266 
202 	 302 	 0.541266 
202 	 411 	 0.541266 
202 	 412 	 0.541266 
202 	 458 	 0.541266 
203 	 302 	 0.541266 
203 	 446 	 0.541266 
203 	 448 	 0.541266 
203 	 459 	 0.541266 
204 	 302 	 0.541266 
204 	 455 	 0.541266 
204 	 456 	 0.541266 
204 	 460 	 0.541266 
205 	 303 	 0.541266 
205 	 414 	 0.541266 
205 	 415 	 0.541266 
205 	 461 	 0.541266 
206 	 303 	 0.541266 
206 	 449 	 0.541266 
206 	 451 	 0.541266 
206 	 462 	 0.541266 
207 	 303 	 0.541266 
207 	 458 	 0.541266 
207 	 459 	 0.541266 
207 	 463 	 0.541266 
208 	 304 	 0.541266 
208 	 417 	 0.541266 
208 	 418 	 0.541266 
208 	 464 	 0.541266 
209 	 304 	 0.541266 
209 	 465 	 0.541266 
209 	 500 	 0.541266 
209 	 502 	 0.541266 
210 	 304 	 0.541266 
210 	 466 	 0.541266 
210 	 473 	 0.541266 
210 	 474 	 0.541266 
211 	 305 	 0.541266 
211 	 420 	 0.541266 
211 	 421 	 0.541266 
211 	 467 	 0.541266 
212 	 305 	 0.541266 
212 	 468 	 0.541266 
212 	 503 	 0.541266 
212 	 505 	 0.541266 
213 	 305 	 0.541266 
213 	 464 	 0.541266 
213 	 465 	 0.541266 
213 	 469 	 0.541266 
214 	 306 	 0.541266 
214 	 423 	 0.541266 
214 	 424 	 0.541266 
214 	 470 	 0.541266 
215 	 306 	 0.541266 
215 	 471 	 0.541266 
215 	 506 	 0.541266 
215 	 508 	 0.541266 
216 	 306 	 0.541266 
216 	 467 	 0.541266 
216 	 468 	 0.541266 
216 	 472 	 0.541266 
217 	 307 	 0.541266 
217 	 426 	 0.541266 
217 	 427 	 0.541266 
217 	 473 	 0.541266 
218 	 307 	 0.541266 
218 	 474 	 0.541266 
218 	 509 	 0.541266 
218 	 511 	 0.541266 
219 	 307 	 0.541266 
219 	 470 	 0.541266 
219 	 471 	 0.541266 
219 	 475 	 0.541266 
220 	 308 	 0.541266 
220 	 429 	 0.541266 
220 	 430 	 0.541266 
220 	 476 	 0.541266 
221 	 308 	 0.541266 
221 	 464 	 0.541266 
221 	 466 	 0.541266 
221 	 477 	 0.541266 
222 	 308 	 0.541266 
222 	 478 	 0.541266 
222 	 485 	 0.541266 
222 	 486 	 0.541266 
223 	 309 	 0.541266 
223 	 432 	 0.541266 
223 	 433 	 0.541266 
223 	 479 	 0.541266 
224 	 309 	 0.541266 
224 	 467 	 0.541266 
224 	 469 	 0.541266 
224 	 480 	 0.541266 
225 	 309 	 0.541266 
225 	 476 	 0.541266 
225 	 477 	 0.541266 
225 	 481 	 0.541266 
226 	 310 	 0.541266 
226 	 435 	 0.541266 
226 	 436 	 0.541266 
226 	 482 	 0.541266 
227 	 310 	 0.541266 
227 	 470 	 0.541266 
227 	 472 	 0.541266 
227 	 483 	 0.541266 
228 	 310 	 0.541266 
228 	 479 	 0.541266 
228 	 480 	 0.541266 
228 	 484 	 0.541266 
229 	 311 	 0.541266 
229 	 438 	 0.541266 
229 	 439 	 0.541266 
229 	 485 	 0.541266 
230 	 311 	 0.541266 
230 	 473 	 0.541266 
230 	 475 	 0.541266 
230 	 486 	 0.541266 
231 	 311 	 0.541266 
231 	 482 	 0.541266 
231 	 483 	 0.541266 
231 	 487 	 0.541266 
232 	 312 	 0.541266 
232 	 441 	 0.541266 
232 	 442 	 0.541266 
232 	 488 	 0.541266 
233 	 312 	 0.541266 
233 	 476 	 0.541266 
233 	 478 	 0.541266 
233 	 489 	 0.541266 
234 	 312 	 0.541266 
234 	 490 	 0.541266 
234 	 497 	 0.541266 
234 	 498 	 0.541266 
235 	 313 	 0.541266 
235 	 444 	 0.541266 
235 	 445 	 0.541266 
235 	 491 	 0.541266 
236 	 313 	 0.541266 
236 	 479 	 0.541266 
236 	 481 	 0.541266 
236 	 492 	 0.541266 
237 	 313 	 0.541266 
237 	 488 	 0.541266 
237 	 489 	 0.541266 
237 	 493 	 0.541266 
238 	 314 	 0.541266 
238 	 447 	 0.541266 
238 	 448 	 0.541266 
238 	 494 	 0.541266 
239 	 314 	 0.541266 
239 	 482 	 0.541266 
239 	 484 	 0.541266 
239 	 495 	 0.541266 
240 	 314 	 0.541266 
240 	 491 	 0.541266 
240 	 492 	 0.541266 
240 	 496 	 0.541266 
241 	 315 	 0.541266 
241 	 450 	 0.541266 
241 	 451 	 0.541266 
241 	 497 	 0.541266 
242 	 315 	 0.541266 
242 	 485 	 0.541266 
242 	 487 	 0.541266 
242 	 498 	 0.541266 
243 	 315 	 0.541266 
243 	 494 	 0.541266 
243 	 495 	 0.541266 
243 	 499 	 0.541266 
244 	 316 	 0.541266 
244 	 453 	 0.541266 
244 	 454 	 0.541266 
244 	 500 	 0.541266 
245 	 316 	 0.541266 
245 	 488 	 0.541266 
245 	 490 	 0.541266 
245 	 501 	 0.541266 
246 	 316 	 0.541266 
246 	 502 	 0.541266 
246 	 509 	 0.541266 
246 	 510 	 0.541266 
247 	 317 	 0.541266 
247 	 456 	 0.541266 
247 	 457 	 0.541266 
247 	 503 	 0.541266 
248 	 317 	 0.541266 
248 	 491 	 0.541266 
248 	 493 	 0.541266 
248 	 504 	 0.541266 
249 	 317 	 0.541266 
249 	 500 	 0.541266 
249 	 501 	 0.541266 
249 	 505 	 0.541266 
250 	 318 	 0.541266 
250 	 459 	 0.541266 
250 	 460 	 0.541266 
250 	 506 	 0.541266 
251 	 318 	 0.541266 
251 	 494 	 0.541266 
251 	 496 	 0.541266 
251 	 507 	 0.541266 
252 	 318 	 0.541266 
252 	 503 	 0.541266 
252 	 504 	 0.541266 
252 	 508 	 0.541266 
253 	 319 	 0.541266 
253 	 462 	 0.541266 
253 	 463 	 0.541266 
253 	 509 	 0.541266 
254 	 319 	 0.541266 
254 	 497 	 0.541266 
254 	 499 	 0.541266 
254 	 510 	 0.541266 
255 	 319 	 0.541266 
255 	 506 	 0.541266 
255 	 507 	 0.541266 
255 	 511 	 0.541266 
256 	 0 	 0.541266 
256 	 64 	 0.541266 
256 	 65 	 0.541266 
256 	 66 	 0.541266 
257 	 1 	 0.541266 
257 	 67 	 0.541266 
257 	 68 	 0.541266 
257 	 69 	 0.541266 
258 	 2 	 0.541266 
258 	 70 	 0.541266 
258 	 71 	 0.541266 
258 	 72 	 0.541266 
259 	 3 	 0.541266 
259 	 73 	 0.541266 
259 	 74 	 0.541266 
259 	 75 	 0.541266 
260 	 4 	 0.541266 
260 	 76 	 0.541266 
260 	 77 	 0.541266 
260 	 78 	 0.541266 
261 	 5 	 0.541266 
261 	 79 	 0.541266 
261 	 80 	 0.541266 
261 	 81 	 0.541266 
262 	 6 	 0.541266 
262 	 82 	 0.541266 
262 	 83 	 0.541266 
262 	 84 	 0.541266 
263 	 7 	 0.541266 
263 	 85 	 0.541266 
263 	 86 	 0.541266 
263 	 87 	 0.541266 
264 	 8 	 0.541266 
264 	 88 	 0.541266 
264 	 89 	 0.541266 
264 	 90 	 0.541266 
265 	 9 	 0.541266 
265 	 91 	 0.541266 
265 	 92 	 0.541266 
265 	 93 	 0.541266 
266 	 10 	 0.541266 
266 	 94 	 0.541266 
266 	 95 	 0.541266 
266 	 96 	 0.541266 
267 	 11 	 0.541266 
267 	 97 	 0.541266 
267 	 98 	 0.541266 
267 	 99 	 0.541266 
268 	 12 	 0.541266 
268 	 100 	 0.541266 
268 	 101 	 0.541266 
268 	 102 	 0.541266 
269 	 13 	 0.541266 
269 	 103 	 0.541266 
269 	 104 	 0.541266 
269 	 105 	 0.541266 
270 	 14 	 0.541266 
270 	 106 	 0.541266 
270 	 107 	 0.541266 
270 	 108 	 0.541266 
271 	 15 	 0.541266 
271 	 109 	 0.541266 
271 	 110 	 0.541266 
271 	 111 	 0.541266 
272 	 16 	 0.541266 
272 	 112 	 0.541266 
272 	 113 	 0.541266 
272 	 114 	 0.541266 
273 	 17 	 0.541266 
273 	 115 	 0.541266 
273 	 116 	 0.541266 
273 	 117 	 0.541266 
274 	 18 	 0.541266 
274 	 118 	 0.541266 
274 	 119 	 0.541266 
274 	 120 	 0.541266 
275 	 19 	 0.541266 
275 	 121 	 0.541266 
275 	 122 	 0.541266 
275 	 123 	 0.541266 
276 	 20 	 0.541266 
276 	 124 	 0.541266 
276 	 125 	 0.541266 
276 	 126 	 0.541266 
277 	 21 	 0.541266 
277 	 127 	 0.541266 
277 	 128 	 0.541266 
277 	 129 	 0.541266 
278 	 22 	 0.541266 
278 	 130 	 0.541266 
278 	 131 	 0.541266 
278 	 132 	 0.541266 
279 	 23 	 0.541266 
279 	 133 	 0.541266 
279 	 134 	 0.541266 
279 	 135 	 0.541266 
280 	 24 	 0.541266 
280 	 136 	 0.541266 
280 	 137 	 0.541266 
280 	 138 	 0.541266 
281 	 25 	 0.541266 
281 	 139 	 0.541266 
281 	 140 	 0.541266 
281 	 141 	 0.541266 
282 	 26 	 0.541266 
282 	 142 	 0.541266 
282 	 143 	 0.541266 
282 	 144 	 0.541266 
283 	 27 	 0.541266 
283 	 145 	 0.541266 
283 	 146 	 0.541266 
283 	 147 	 0.541266 
284 	 28 	 0.541266 
284 	 148 	 0.541266 
284 	 149 	 0.541266 
284 	 150 	 0.541266 
285 	 29 	 0.541266 
285 	 151 	 0.541266 
285 	 152 	 0.541266 
285 	 153 	 0.541266 
286 	 30 	 0.541266 
286 	 154 	 0.541266 
286 	 155 	 0.541266 
286 	 156 	 0.541266 
287 	 31 	 0.541266 
287 	 157 	 0.541266 
287 	 158 	 0.541266 
287 	 159 	 0.541266 
288 	 32 	 0.541266 
288 	 160 	 0.541266 
288 	 161 	 0.541266 
288 	 162 	 0.541266 
289 	 33 	 0.541266 
289 	 163 	 0.541266 
289 	 164 	 0.541266 
289 	 165 	 0.541266 
290 	 34 	 0.541266 
290 	 166 	 0.541266 
290 	 167 	 0.541266 
290 	 168 	 0.541266 
291 	 35 	 0.541266 
291 	 169 	 0.541266 
291 	 170 	 0.541266 
291 	 171 	 0.541266 
292 	 36 	 0.541266 
292 	 172 	 0.541266 
292 	 173 	 0.541266 
292 	 174 	 0.541266 
293 	 37 	 0.541266 
293 	 175 	 0.541266 
293 	 176 	 0.541266 
293 	 177 	 0.541266 
294 	 38 	 0.541266 
294 	 178 	 0.541266 
294 	 179 	 0.541266 
294 	 180 	 0.541266 
295 	 39 	 0.541266 
295 	 181 	 0.541266 
295 	 182 	 0.541266 
295 	 183 	 0.541266 
296 	 40 	 0.541266 
296 	 184 	 0.541266 
296 	 185 	 0.541266 
296 	 186 	 0.541266 
297 	 41 	 0.541266 
297 	 187 	 0.541266 
297 	 188 	 0.541266 
297 	 189 	 0.541266 
298 	 42 	 0.541266 
298 	 190 	 0.541266 
298 	 191 	 0.541266 
298 	 192 	 0.541266 
299 	 43 	 0.541266 
299 	 193 	 0.541266 
299 	 194 	 0.541266 
299 	 195 	 0.541266 
300 	 44 	 0.541266 
300 	 196 	 0.541266 
300 	 197 	 0.541266 
300 	 198 	 0.541266 
301 	 45 	 0.541266 
301 	 199 	 0.541266 
301 	 200 	 0.541266 
301 	 201 	 0.541266 
302 	 46 	 0.541266 
302 	 202 	 0.541266 
302 	 203 	 0.541266 
302 	 204 	 0.541266 
303 	 47 	 0.541266 
303 	 205 	 0.541266 
303 	 206 	 0.541266 
303 	 207 	 0.541266 
304 	 48 	 0.541266 
304 	 208 	 0.541266 
304 	 209 	 0.541266 
304 	 210 	 0.541266 
305 	 49 	 0.541266 
305 	 211 	 0.541266 
305 	 212 	 0.541266 
305 	 213 	 0.541266 
306 	 50 	 0.541266 
306 	 214 	 0.541266 
306 	 215 	 0.541266 
306 	 216 	 0.541266 
307 	 51 	 0.541266 
307 	 217 	 0.541266 
307 	 218 	 0.541266 
307 	 219 	 0.541266 
308 	 52 	 0.541266 
308 	 220 	 0.541266 
308 	 221 	 0.541266 
308 	 222 	 0.541266 
309 	 53 	 0.541266 
309 	 223 	 0.541266 
309 	 224 	 0.541266 
309 	 225 	 0.541266 
310 	 54 	 0.541266 
310 	 226 	 0.541266 
310 	 227 	 0.541266 
310 	 228 	 0.541266 
311 	 55 	 0.541266 
311 	 229 	 0.541266 
311 	 230 	 0.541266 
311 	 231 	 0.541266 
312 	 56 	 0.541266 
312 	 232 	 0.541266 
312 	 233 	 0.541266 
312 	 234 	 0.541266 
313 	 57 	 0.541266 
313 	 235 	 0.541266 
313 	 236 	 0.541266 
313 	 237 	 0.541266 
314 	 58 	 0.541266 
314 	 238 	 0.541266 
314 	 239 	 0.541266 
314 	 240 	 0.541266 
315 	 59 	 0.541266 
315 	 241 	 0.541266 
315 	 242 	 0.541266 
315 	 243 	 0.541266 
316 	 60 	 0.541266 
316 	 244 	 0.541266 
316 	 245 	 0.541266 
316 	 246 	 0.541266 
317 	 61 	 0.541266 
317 	 247 	 0.541266 
317 	 248 	 0.541266 
317 	 249 	 0.541266 
318 	 62 	 0.541266 
318 	 250 	 0.541266 
318 	 251 	 0.541266 
318 	 252 	 0.541266 
319 	 63 	 0.541266 
319 	 253 	 0.541266 
319 	 254 	 0.541266 
319 	 255 	 0.541266 
320 	 5 	 0.541266 
320 	 64 	 0.541266 
320 	 69 	 0.541266 
320 	 77 	 0.541266 
321 	 17 	 0.541266 
321 	 65 	 0.541266 
321 	 69 	 0.541266 
321 	 112 	 0.541266 
322 	 20 	 0.541266 
322 	 66 	 0.541266 
322 	 77 	 0.541266 
322 	 112 	 0.541266 
323 	 6 	 0.541266 
323 	 67 	 0.541266 
323 	 72 	 0.541266 
323 	 80 	 0.541266 
324 	 18 	 0.541266 
324 	 68 	 0.541266 
324 	 72 	 0.541266 
324 	 115 	 0.541266 
325 	 21 	 0.541266 
325 	 69 	 0.541266 
325 	 80 	 0.541266 
325 	 115 	 0.541266 
326 	 7 	 0.541266 
326 	 70 	 0.541266 
326 	 75 	 0.541266 
326 	 83 	 0.541266 
327 	 19 	 0.541266 
327 	 71 	 0.541266 
327 	 75 	 0.541266 
327 	 118 	 0.541266 
328 	 22 	 0.541266 
328 	 72 	 0.541266 
328 	 83 	 0.541266 
328 	 118 	 0.541266 
329 	 4 	 0.541266 
329 	 66 	 0.541266 
329 	 73 	 0.541266 
329 	 86 	 0.541266 
330 	 16 	 0.541266 
330 	 66 	 0.541266 
330 	 74 	 0.541266 
330 	 121 	 0.541266 
331 	 23 	 0.541266 
331 	 75 	 0.541266 
331 	 86 	 0.541266 
331 	 121 	 0.541266 
332 	 9 	 0.541266 
332 	 76 	 0.541266 
332 	 81 	 0.541266 
332 	 89 	 0.541266 
333 	 21 	 0.541266 
333 	 77 	 0.541266 
333 	 81 	 0.541266 
333 	 124 	 0.541266 
334 	 24 	 0.541266 
334 	 78 	 0.541266 
334 	 89 	 0.541266 
334 	 124 	 0.541266 
335 	 10 	 0.541266 
335 	 79 	 0.541266 
335 	 84 	 0.541266 
335 	 92 	 0.541266 
336 	 22 	 0.541266 
336 	 80 	 0.541266 
336 	 84 	 0.541266 
336 	 127 	 0.541266 
337 	 25 	 0.541266 
337 	 81 	 0.541266 
337 	 92 	 0.541266 
337 	 127 	 0.541266 
338 	 11 	 0.541266 
338 	 82 	 0.541266 
338 	 87 	 0.541266 
338 	 95 	 0.541266 
339 	 23 	 0.541266 
339 	 83 	 0.541266 
339 	 87 	 0.541266 
339 	 130 	 0.541266 
340 	 26 	 0.541266 
340 	 84 	 0.541266 
340 	 95 	 0.541266 
340 	 130 	 0.541266 
341 	 8 	 0.541266 
341 	 78 	 0.541266 
341 	 85 	 0.541266 
341 	 98 	 0.541266 
342 	 20 	 0.541266 
342 	 78 	 0.541266 
342 	 86 	 0.541266 
342 	 133 	 0.541266 
343 	 27 	 0.541266 
343 	 87 	 0.541266 
343 	 98 	 0.541266 
343 	 133 	 0.541266 
344 	 13 	 0.541266 
344 	 88 	 0.541266 
344 	 93 	 0.541266 
344 	 101 	 0.541266 
345 	 25 	 0.541266 
345 	 89 	 0.541266 
345 	 93 	 0.541266 
345 	 136 	 0.541266 
346 	 28 	 0.541266 
346 	 90 	 0.541266 
346 	 101 	 0.541266 
346 	 136 	 0.541266 
347 	 14 	 0.541266 
347 	 91 	 0.541266 
347 	 96 	 0.541266 
347 	 104 	 0.541266 
348 	 26 	 0.541266 
348 	 92 	 0.541266 
348 	 96 	 0.541266 
348 	 139 	 0.541266 
349 	 29 	 0.541266 
349 	 93 	 0.541266 
349 	 104 	 0.541266 
349 	 139 	 0.541266 
350 	 15 	 0.541266 
350 	 94 	 0.541266 
350 	 99 	 0.541266 
350 	 107 	 0.541266 
351 	 27 	 0.541266 
351 	 95 	 0.541266 
351 	 99 	 0.541266 
351 	 142 	 0.541266 
352 	 30 	 0.541266 
352 	 96 	 0.541266 
352 	 107 	 0.541266 
352 	 142 	 0.541266 
353 	 12 	 0.541266 
353 	 90 	 0.541266 
353 	 97 	 0.541266 
353 	 110 	 0.541266 
354 	 24 	 0.541266 
354 	 90 	 0.541266 
354 	 98 	 0.541266 
354 	 145 	 0.541266 
355 	 31 	 0.541266 
355 	 99 	 0.541266 
355 	 110 	 0.541266 
355 	 145 	 0.541266 
356 	 1 	 0.541266 
356 	 65 	 0.541266 
356 	 100 	 0.541266 
356 	 105 	 0.541266 
357 	 29 	 0.541266 
357 	 101 	 0.541266 
357 	 105 	 0.541266 
357 	 148 	 0.541266 
358 	 16 	 0.541266 
358 	 65 	 0.541266 
358 	 102 	 0.541266 
358 	 148 	 0.541266 
359 	 2 	 0.541266 
359 	 68 	 0.541266 
359 	 103 	 0.541266 
359 	 108 	 0.541266 
360 	 30 	 0.541266 
360 	 104 	 0.541266 
360 	 108 	 0.541266 
360 	 151 	 0.541266 
361 	 17 	 0.541266 
361 	 68 	 0.541266 
361 	 105 	 0.541266 
361 	 151 	 0.541266 
362 	 3 	 0.541266 
362 	 71 	 0.541266 
362 	 106 	 0.541266 
362 	 111 	 0.541266 
363 	 31 	 0.541266 
363 	 107 	 0.541266 
363 	 111 	 0.541266 
363 	 154 	 0.541266 
364 	 18 	 0.541266 
364 	 71 	 0.541266 
364 	 108 	 0.541266 
364 	 154 	 0.541266 
365 	 0 	 0.541266 
365 	 74 	 0.541266 
365 	 102 	 0.541266 
365 	 109 	 0.541266 
366 	 28 	 0.541266 
366 	 102 	 0.541266 
366 	 110 	 0.541266 
366 	 157 	 0.541266 
367 	 19 	 0.541266 
367 	 74 	 0.541266 
367 	 111 	 0.541266 
367 	 157 	 0.541266 
368 	 21 	 0.541266 
368 	 112 	 0.541266 
368 	 117 	 0.541266 
368 	 125 	 0.541266 
369 	 33 	 0.541266 
369 	 113 	 0.541266 
369 	 117 	 0.541266 
369 	 160 	 0.541266 
370 	 36 	 0.541266 
370 	 114 	 0.541266 
370 	 125 	 0.541266 
370 	 160 	 0.541266 
371 	 22 	 0.541266 
371 	 115 	 0.541266 
371 	 120 	 0.541266 
371 	 128 	 0.541266 
372 	 34 	 0.541266 
372 	 116 	 0.541266 
372 	 120 	 0.541266 
372 	 163 	 0.541266 
373 	 37 	 0.541266 
373 	 117 	 0.541266 
373 	 128 	 0.541266 
373 	 163 	 0.541266 
374 	 23 	 0.541266 
374 	 118 	 0.541266 
374 	 123 	 0.541266 
374 	 131 	 0.541266 
375 	 35 	 0.541266 
375 	 119 	 0.541266 
375 	 123 	 0.541266 
375 	 166 	 0.541266 
376 	 38 	 0.541266 
376 	 120 	 0.541266 
376 	 131 	 0.541266 
376 	 166 	 0.541266 
377 	 20 	 0.541266 
377 	 114 	 0.541266 
377 	 121 	 0.541266 
377 	 134 	 0.541266 
378 	 32 	 0.541266 
378 	 114 	 0.541266 
378 	 122 	 0.541266 
378 	 169 	 0.541266 
379 	 39 	 0.541266 
379 	 123 	 0.541266 
379 	 134 	 0.541266 
379 	 169 	 0.541266 
380 	 25 	 0.541266 
380 	 124 	 0.541266 
380 	 129 	 0.541266 
380 	 137 	 0.541266 
381 	 37 	 0.541266 
381 	 125 	 0.541266 
381 	 129 	 0.541266 
381 	 172 	 0.541266 
382 	 40 	 0.541266 
382 	 126 	 0.541266 
382 	 137 	 0.541266 
382 	 172 	 0.541266 
383 	 26 	 0.541266 
383 	 127 	 0.541266 
383 	 132 	 0.541266 
383 	 140 	 0.541266 
384 	 38 	 0.541266 
384 	 128 	 0.541266 
384 	 132 	 0.541266 
384 	 175 	 0.541266 
385 	 41 	 0.541266 
385 	 129 	 0.541266 
385 	 140 	 0.541266 
385 	 175 	 0.541266 
386 	 27 	 0.541266 
386 	 130 	 0.541266 
386 	 135 	 0.541266 
386 	 143 	 0.541266 
387 	 39 	 0.541266 
387 	 131 	 0.541266 
387 	 135 	 0.541266 
387 	 178 	 0.541266 
388 	 42 	 0.541266 
388 	 132 	 0.541266 
388 	 143 	 0.541266 
388 	 178 	 0.541266 
389 	 24 	 0.541266 
389 	 126 	 0.541266 
389 	 133 	 0.541266 
389 	 146 	 0.541266 
390 	 36 	 0.541266 
390 	 126 	 0.541266 
390 	 134 	 0.541266 
390 	 181 	 0.541266 
391 	 43 	 0.541266 
391 	 135 	 0.541266 
391 	 146 	 0.541266 
391 	 181 	 0.541266 
392 	 29 	 0.541266 
392 	 136 	 0.541266 
392 	 141 	 0.541266 
392 	 149 	 0.541266 
393 	 41 	 0.541266 
393 	 137 	 0.541266 
393 	 141 	 0.541266 
393 	 184 	 0.541266 
394 	 44 	 0.541266 
394 	 138 	 0.541266 
394 	 149 	 0.541266 
394 	 184 	 0.541266 
395 	 30 	 0.541266 
395 	 139 	 0.541266 
395 	 144 	 0.541266 
395 	 152 	 0.541266 
396 	 42 	 0.541266 
396 	 140 	 0.541266 
396 	 144 	 0.541266 
396 	 187 	 0.541266 
397 	 45 	 0.541266 
397 	 141 	 0.541266 
397 	 152 	 0.541266 
397 	 187 	 0.541266 
398 	 31 	 0.541266 
398 	 142 	 0.541266 
398 	 147 	 0.541266 
398 	 155 	 0.541266 
399 	 43 	 0.541266 
399 	 143 	 0.541266 
399 	 147 	 0.541266 
399 	 190 	 0.541266 
400 	 46 	 0.541266 
400 	 144 	 0.541266 
400 	 155 	 0.541266 
400 	 190 	 0.541266 
401 	 28 	 0.541266 
401 	 138 	 0.541266 
401 	 145 	 0.541266 
401 	 158 	 0.541266 
402 	 40 	 0.541266 
402 	 138 	 0.541266 
402 	 146 	 0.541266 
402 	 193 	 0.541266 
403 	 47 	 0.541266 
403 	 147 	 0.541266 
403 	 158 	 0.541266 
403 	 193 	 0.541266 
404 	 17 	 0.541266 
404 	 113 	 0.541266 
404 	 148 	 0.541266 
404 	 153 	 0.541266 
405 	 45 	 0.541266 
405 	 149 	 0.541266 
405 	 153 	 0.541266 
405 	 196 	 0.541266 
406 	 32 	 0.541266 
406 	 113 	 0.541266 
406 	 150 	 0.541266 
406 	 196 	 0.541266 
407 	 18 	 0.541266 
407 	 116 	 0.541266 
407 	 151 	 0.541266 
407 	 156 	 0.541266 
408 	 46 	 0.541266 
408 	 152 	 0.541266 
408 	 156 	 0.541266 
408 	 199 	 0.541266 
409 	 33 	 0.541266 
409 	 116 	 0.541266 
409 	 153 	 0.541266 
409 	 199 	 0.541266 
410 	 19 	 0.541266 
410 	 119 	 0.541266 
410 	 154 	 0.541266 
410 	 159 	 0.541266 
411 	 47 	 0.541266 
411 	 155 	 0.541266 
411 	 159 	 0.541266 
411 	 202 	 0.541266 
412 	 34 	 0.541266 
412 	 119 	 0.541266 
412 	 156 	 0.541266 
412 	 202 	 0.541266 
413 	 16 	 0.541266 
413 	 122 	 0.541266 
413 	 150 	 0.541266 
413 	 157 	 0.541266 
414 	 44 	 0.541266 
414 	 150 	 0.541266 
414 	 158 	 0.541266 
414 	 205 	 0.541266 
415 	 35 	 0.541266 
415 	 122 	 0.541266 
415 	 159 	 0.541266 
415 	 205 	 0.541266 
416 	 37 	 0.541266 
416 	 160 	 0.541266 
416 	 165 	 0.541266 
416 	 173 	 0.541266 
417 	 49 	 0.541266 
417 	 161 	 0.541266 
417 	 165 	 0.541266 
417 	 208 	 0.541266 
418 	 52 	 0.541266 
418 	 162 	 0.541266 
418 	 173 	 0.541266 
418 	 208 	 0.541266 
419 	 38 	 0.541266 
419 	 163 	 0.541266 
419 	 168 	 0.541266 
419 	 176 	 0.541266 
420 	 50 	 0.541266 
420 	 164 	 0.541266 
420 	 168 	 0.541266 
420 	 211 	 0.541266 
421 	 53 	 0.541266 
421 	 165 	 0.541266 
421 	 176 	 0.541266 
421 	 211 	 0.541266 
422 	 39 	 0.541266 
422 	 166 	 0.541266 
422 	 171 	 0.541266 
422 	 179 	 0.541266 
423 	 51 	 0.541266 
423 	 167 	 0.541266 
423 	 171 	 0.541266 
423 	 214 	 0.541266 
424 	 54 	 0.541266 
424 	 168 	 0.541266 
424 	 179 	 0.541266 
424 	 214 	 0.541266 
425 	 36 	 0.541266 
425 	 162 	 0.541266 
425 	 169 	 0.541266 
425 	 182 	 0.541266 
426 	 48 	 0.541266 
426 	 162 	 0.541266 
426 	 170 	 0.541266 
426 	 217 	 0.541266 
427 	 55 	 0.541266 
427 	 171 	 0.541266 
427 	 182 	 0.541266 
427 	 217 	 0.541266 
428 	 41 	 0.541266 
428 	 172 	 0.541266 
428 	 177 	 0.541266 
428 	 185 	 0.541266 
429 	 53 	 0.541266 
429 	 173 	 0.541266 
429 	 177 	 0.541266 
429 	 220 	 0.541266 
430 	 56 	 0.541266 
430 	 174 	 0.541266 
430 	 185 	 0.541266 
430 	 220 	 0.541266 
431 	 42 	 0.541266 
431 	 175 	 0.541266 
431 	 180 	 0.541266 
431 	 188 	 0.541266 
432 	 54 	 0.541266 
432 	 176 	 0.541266 
432 	 180 	 0.541266 
432 	 223 	 0.541266 
433 	 57 	 0.541266 
433 	 177 	 0.541266 
433 	 188 	 0.541266 
433 	 223 	 0.541266 
434 	 43 	 0.541266 
434 	 178 	 0.541266 
434 	 183 	 0.541266 
434 	 191 	 0.541266 
435 	 55 	 0.541266 
435 	 179 	 0.541266 
435 	 183 	 0.541266 
435 	 226 	 0.541266 
436 	 58 	 0.541266 
436 	 180 	 0.541266 
436 	 191 	 0.541266 
436 	 226 	 0.541266 
437 	 40 	 0.541266 
437 	 174 	 0.541266 
437 	 181 	 0.541266 
437 	 194 	 0.541266 
438 	 52 	 0.541266 
438 	 174 	 0.541266 
438 	 182 	 0.541266 
438 	 229 	 0.541266 
439 	 59 	 0.541266 
439 	 183 	 0.541266 
439 	 194 	 0.541266 
439 	 229 	 0.541266 
440 	 45 	 0.541266 
440 	 184 	 0.541266 
440 	 189 	 0.541266 
440 	 197 	 0.541266 
441 	 57 	 0.541266 
441 	 185 	 0.541266 
441 	 189 	 0.541266 
441 	 232 	 0.541266 
442 	 60 	 0.541266 
442 	 186 	 0.541266 
442 	 197 	 0.541266 
442 	 232 	 0.541266 
443 	 46 	 0.541266 
443 	 187 	 0.541266 
443 	 192 	 0.541266 
443 	 200 	 0.541266 
444 	 58 	 0.541266 
444 	 188 	 0.541266 
444 	 192 	 0.541266 
444 	 235 	 0.541266 
445 	 61 	 0.541266 
445 	 189 	 0.541266 
445 	 200 	 0.541266 
445 	 235 	 0.541266 
446 	 47 	 0.541266 
446 	 190 	 0.541266 
446 	 195 	 0.541266 
446 	 203 	 0.541266 
447 	 59 	 0.541266 
447 	 191 	 0.541266 
447 	 195 	 0.541266 
447 	 238 	 0.541266 
448 	 62 	 0.541266 
448 	 192 	 0.541266 
448 	 203 	 0.541266 
448 	 238 	 0.541266 
449 	 44 	 0.541266 
449 	 186 	 0.541266 
449 	 193 	 0.541266 
449 	 206 	 0.541266 
450 	 56 	 0.541266 
450 	 186 	 0.541266 
450 	 194 	 0.541266 
450 	 241 	 0.541266 
451 	 63 	 0.541266 
451 	 195 	 0.541266 
451 	 206 	 0.541266 
451 	 241 	 0.541266 
452 	 33 	 0.541266 
452 	 161 	 0.541266 
452 	 196 	 0.541266 
452 	 201 	 0.541266 
453 	 61 	 0.541266 
453 	 197 	 0.541266 
453 	 201 	 0.541266 
453 	 244 	 0.541266 
454 	 48 	 0.541266 
454 	 161 	 0.541266 
454 	 198 	 0.541266 
454 	 244 	 0.541266 
455 	 34 	 0.541266 
455 	 164 	 0.541266 
455 	 199 	 0.541266 
455 	 204 	 0.541266 
456 	 62 	 0.541266 
456 	 200 	 0.541266 
456 	 204 	 0.541266 
456 	 247 	 0.541266 
457 	 49 	 0.541266 
457 	 164 	 0.541266 
457 	 201 	 0.541266 
457 	 247 	 0.541266 
458 	 35 	 0.541266 
458 	 167 	 0.541266 
458 	 202 	 0.541266 
458 	 207 	 0.541266 
459 	 63 	 0.541266 
459 	 203 	 0.541266 
459 	 207 	 0.541266 
459 	 250 	 0.541266 
460 	 50 	 0.541266 
460 	 167 	 0.541266 
460 	 204 	 0.541266 
460 	 250 	 0.541266 
461 	 32 	 0.541266 
461 	 170 	 0.541266 
461 	 198 	 0.541266 
461 	 205 	 0.541266 
462 	 60 	 0.541266 
462 	 198 	 0.541266 
462 	 206 	 0.541266 
462 	 253 	 0.541266 
463 	 51 	 0.541266 
463 	 170 	 0.541266 
463 	 207 	 0.541266 
463 	 253 	 0.541266 
464 	 53 	 0.541266 
464 	 208 	 0.541266 
464 	 213 	 0.541266 
464 	 221 	 0.541266 
465 	 1 	 0.541266 
465 	 64 	 0.541266 
465 	 209 	 0.541266 
465 	 213 	 0.541266 
466 	 4 	 0.541266 
466 	 64 	 0.541266 
466 	 210 	 0.541266 
466 	 221 	 0.541266 
467 	 54 	 0.541266 
467 	 211 	 0.541266 
467 	 216 	 0.541266 
467 	 224 	 0.541266 
468 	 2 	 0.541266 
468 	 67 	 0.541266 
468 	 212 	 0.541266 
468 	 216 	 0.541266 
469 	 5 	 0.541266 
469 	 67 	 0.541266 
469 	 213 	 0.541266 
469 	 224 	 0.541266 
470 	 55 	 0.541266 
470 	 214 	 0.541266 
470 	 219 	 0.541266 
470 	 227 	 0.541266 
471 	 3 	 0.541266 
471 	 70 	 0.541266 
471 	 215 	 0.541266 
471 	 219 	 0.541266 
472 	 6 	 0.541266 
472 	 70 	 0.541266 
472 	 216 	 0.541266 
472 	 227 	 0.541266 
473 	 52 	 0.541266 
473 	 210 	 0.541266 
473 	 217 	 0.541266 
473 	 230 	 0.541266 
474 	 0 	 0.541266 
474 	 73 	 0.541266 
474 	 210 	 0.541266 
474 	 218 	 0.541266 
475 	 7 	 0.541266 
475 	 73 	 0.541266 
475 	 219 	 0.541266 
475 	 230 	 0.541266 
476 	 57 	 0.541266 
476 	 220 	 0.541266 
476 	 225 	 0.541266 
476 	 233 	 0.541266 
477 	 5 	 0.541266 
477 	 76 	 0.541266 
477 	 221 	 0.541266 
477 	 225 	 0.541266 
478 	 8 	 0.541266 
478 	 76 	 0.541266 
478 	 222 	 0.541266 
478 	 233 	 0.541266 
479 	 58 	 0.541266 
479 	 223 	 0.541266 
479 	 228 	 0.541266 
479 	 236 	 0.541266 
480 	 6 	 0.541266 
480 	 79 	 0.541266 
480 	 224 	 0.541266 
480 	 228 	 0.541266 
481 	 9 	 0.541266 
481 	 79 	 0.541266 
481 	 225 	 0.541266 
481 	 236 	 0.541266 
482 	 59 	 0.541266 
482 	 226 	 0.541266 
482 	 231 	 0.541266 
482 	 239 	 0.541266 
483 	 7 	 0.541266 
483 	 82 	 0.541266 
483 	 227 	 0.541266 
483 	 231 	 0.541266 
484 	 10 	 0.541266 
484 	 82 	 0.541266 
484 	 228 	 0.541266 
484 	 239 	 0.541266 
485 	 56 	 0.541266 
485 	 222 	 0.541266 
485 	 229 	 0.541266 
485 	 242 	 0.541266 
486 	 4 	 0.541266 
486 	 85 	 0.541266 
486 	 222 	 0.541266 
486 	 230 	 0.541266 
487 	 11 	 0.541266 
487 	 85 	 0.541266 
487 	 231 	 0.541266 
487 	 242 	 0.541266 
488 	 61 	 0.541266 
488 	 232 	 0.541266 
488 	 237 	 0.541266 
488 	 245 	 0.541266 
489 	 9 	 0.541266 
489 	 88 	 0.541266 
489 	 233 	 0.541266 
489 	 237 	 0.541266 
490 	 12 	 0.541266 
490 	 88 	 0.541266 
490 	 234 	 0.541266 
490 	 245 	 0.541266 
491 	 62 	 0.541266 
491 	 235 	 0.541266 
491 	 240 	 0.541266 
491 	 248 	 0.541266 
492 	 10 	 0.541266 
492 	 91 	 0.541266 
492 	 236 	 0.541266 
492 	 240 	 0.541266 
493 	 13 	 0.541266 
493 	 91 	 0.541266 
493 	 237 	 0.541266 
493 	 248 	 0.541266 
494 	 63 	 0.541266 
494 	 238 	 0.541266 
494 	 243 	 0.541266 
494 	 251 	 0.541266 
495 	 11 	 0.541266 
495 	 94 	 0.541266 
495 	 239 	 0.541266 
495 	 243 	 0.541266 
496 	 14 	 0.541266 
496 	 94 	 0.541266 
496 	 240 	 0.541266 
496 	 251 	 0.541266 
497 	 60 	 0.541266 
497 	 234 	 0.541266 
497 	 241 	 0.541266 
497 	 254 	 0.541266 
498 	 8 	 0.541266 
498 	 97 	 0.541266 
498 	 234 	 0.541266 
498 	 242 	 0.541266 
499 	 15 	 0.541266 
499 	 97 	 0.541266 
499 	 243 	 0.541266 
499 	 254 	 0.541266 
500 	 49 	 0.541266 
500 	 209 	 0.541266 
500 	 244 	 0.541266 
500 	 249 	 0.541266 
501 	 13 	 0.541266 
501 	 100 	 0.541266 
501 	 245 	 0.541266 
501 	 249 	 0.541266 
502 	 0 	 0.541266 
502 	 100 	 0.541266 
502 	 209 	 0.541266 
502 	 246 	 0.541266 
503 	 50 	 0.541266 
503 	 212 	 0.541266 
503 	 247 	 0.541266 
503 	 252 	 0.541266 
504 	 14 	 0.541266 
504 	 103 	 0.541266 
504 	 248 	 0.541266 
504 	 252 	 0.541266 
505 	 1 	 0.541266 
505 	 103 	 0.541266 
505 	 212 	 0.541266 
505 	 249 	 0.541266 
506 	 51 	 0.541266 
506 	 215 	 0.541266 
506 	 250 	 0.541266 
506 	 255 	 0.541266 
507 	 15 	 0.541266 
507 	 106 	 0.541266 
507 	 251 	 0.541266 
507 	 255 	 0.541266 
508 	 2 	 0.541266 
508 	 106 	 0.541266 
508 	 215 	 0.541266 
508 	 252 	 0.541266 
509 	 48 	 0.541266 
509 	 218 	 0.541266 
509 	 246 	 0.541266 
509 	 253 	 0.541266 
510 	 12 	 0.541266 
510 	 109 	 0.541266 
510 	 246 	 0.541266 
510 	 254 	 0.541266 
511 	 3 	 0.541266 
511 	 109 	 0.541266 
511 	 218 	 0.541266 
511 	 255 	 0.541266 
