0 	 64 	 1.082532 
0 	 67 	 1.082532 
0 	 76 	 1.082532 
0 	 79 	 1.082532 
0 	 112 	 1.082532 
0 	 115 	 1.082532 
0 	 124 	 1.082532 
0 	 127 	 1.082532 
1 	 64 	 1.082532 
1 	 65 	 1.082532 
1 	 76 	 1.082532 
1 	 77 	 1.082532 
1 	 112 	 1.082532 
1 	 113 	 1.082532 
1 	 124 	 1.082532 
1 	 125 	 1.082532 
2 	 65 	 1.082532 
2 	 66 	 1.082532 
2 	 77 	 1.082532 
2 	 78 	 1.082532 
2 	 113 	 1.082532 
2 	 114 	 1.082532 
2 	 125 	 1.082532 
2 	 126 	 1.082532 
3 	 66 	 1.082532 
3 	 67 	 1.082532 
3 	 78 	 1.082532 
3 	 79 	 1.082532 
3 	 114 	 1.082532 
3 	 115 	 1.082532 
3 	 126 	 1.082532 
3 	 127 	 1.082532 
4 	 64 	 1.082532 
4 	 67 	 1.082532 
4 	 68 	 1.082532 
4 	 71 	 1.082532 
4 	 112 	 1.082532 
4 	 115 	 1.082532 
4 	 116 	 1.082532 
4 	 119 	 1.082532 
5 	 64 	 1.082532 
5 	 65 	 1.082532 
5 	 68 	 1.082532 
5 	 69 	 1.082532 
5 	 112 	 1.082532 
5 	 113 	 1.082532 
5 	 116 	 1.082532 
5 	 117 	 1.082532 
6 	 65 	 1.082532 
6 	 66 	 1.082532 
6 	 69 	 1.082532 
6 	 70 	 1.082532 
6 	 113 	 1.082532 
6 	 114 	 1.082532 
6 	 117 	 1.082532 
6 	 118 	 1.082532 
7 	 66 	 1.082532 
7 	 67 	 1.082532 
7 	 70 	 1.082532 
7 	 71 	 1.082532 
7 	 114 	 1.082532 
7 	 115 	 1.082532 
7 	 118 	 1.082532 
7 	 119 	 1.082532 
8 	 68 	 1.082532 
8 	 71 	 1.082532 
8 	 72 	 1.082532 
8 	 75 	 1.082532 
8 	 116 	 1.082532 
8 	 119 	 1.082532 
8 	 120 	 1.082532 
8 	 123 	 1.082532 
9 	 68 	 1.082532 
9 	 69 	 1.082532 
9 	 72 	 1.082532 
9 	 73 	 1.082532 
9 	 116 	 1.082532 
9 	 117 	 1.082532 
9 	 120 	 1.082532 
9 	 121 	 1.082532 
10 	 69 	 1.082532 
10 	 70 	 1.082532 
10 	 73 	 1.082532 
10 	 74 	 1.082532 
10 	 117 	 1.082532 
10 	 118 	 1.082532 
10 	 121 	 1.082532 
10 	 122 	 1.082532 
11 	 70 	 1.082532 
11 	 71 	 1.082532 
11 	 74 	 1.082532 
11 	 75 	 1.082532 
11 	 118 	 1.082532 
11 	 119 	 1.082532 
11 	 122 	 1.082532 
11 	 123 	 1.082532 
12 	 72 	 1.082532 
12 	 75 	 1.082532 
12 	 76 	 1.082532 
12 	 79 	 1.082532 
12 	 120 	 1.082532 
12 	 123 	 1.082532 
12 	 124 	 1.082532 
12 	 127 	 1.082532 
13 	 72 	 1.082532 
13 	 73 	 1.082532 
13 	 76 	 1.082532 
13 	 77 	 1.082532 
13 	 120 	 1.082532 
13 	 121 	 1.082532 
13 	 124 	 1.082532 
13 	 125 	 1.082532 
14 	 73 	 1.082532 
14 	 74 	 1.082532 
14 	 77 	 1.082532 
14 	 78 	 1.082532 
14 	 121 	 1.082532 
14 	 122 	 1.082532 
14 	 125 	 1.082532 
14 	 126 	 1.082532 
15 	 74 	 1.082532 
15 	 75 	 1.082532 
15 	 78 	 1.082532 
15 	 79 	 1.082532 
15 	 122 	 1.082532 
15 	 123 	 1.082532 
15 	 126 	 1.082532 
15 	 127 	 1.082532 
16 	 64 	 1.082532 
16 	 67 	 1.082532 
16 	 76 	 1.082532 
16 	 79 	 1.082532 
16 	 80 	 1.082532 
16 	 83 	 1.082532 
16 	 92 	 1.082532 
16 	 95 	 1.082532 
17 	 64 	 1.082532 
17 	 65 	 1.082532 
17 	 76 	 1.082532 
17 	 77 	 1.082532 
17 	 80 	 1.082532 
17 	 81 	 1.082532 
17 	 92 	 1.082532 
17 	 93 	 1.082532 
18 	 65 	 1.082532 
18 	 66 	 1.082532 
18 	 77 	 1.082532 
18 	 78 	 1.082532 
18 	 81 	 1.082532 
18 	 82 	 1.082532 
18 	 93 	 1.082532 
18 	 94 	 1.082532 
19 	 66 	 1.082532 
19 	 67 	 1.082532 
19 	 78 	 1.082532 
19 	 79 	 1.082532 
19 	 82 	 1.082532 
19 	 83 	 1.082532 
19 	 94 	 1.082532 
19 	 95 	 1.082532 
20 	 64 	 1.082532 
20 	 67 	 1.082532 
20 	 68 	 1.082532 
20 	 71 	 1.082532 
20 	 80 	 1.082532 
20 	 83 	 1.082532 
20 	 84 	 1.082532 
20 	 87 	 1.082532 
21 	 64 	 1.082532 
21 	 65 	 1.082532 
21 	 68 	 1.082532 
21 	 69 	 1.082532 
21 	 80 	 1.082532 
21 	 81 	 1.082532 
21 	 84 	 1.082532 
21 	 85 	 1.082532 
22 	 65 	 1.082532 
22 	 66 	 1.082532 
22 	 69 	 1.082532 
22 	 70 	 1.082532 
22 	 81 	 1.082532 
22 	 82 	 1.082532 
22 	 85 	 1.082532 
22 	 86 	 1.082532 
23 	 66 	 1.082532 
23 	 67 	 1.082532 
23 	 70 	 1.082532 
23 	 71 	 1.082532 
23 	 82 	 1.082532 
23 	 83 	 1.082532 
23 	 86 	 1.082532 
23 	 87 	 1.082532 
24 	 68 	 1.082532 
24 	 71 	 1.082532 
24 	 72 	 1.082532 
24 	 75 	 1.082532 
24 	 84 	 1.082532 
24 	 87 	 1.082532 
24 	 88 	 1.082532 
24 	 91 	 1.082532 
25 	 68 	 1.082532 
25 	 69 	 1.082532 
25 	 72 	 1.082532 
25 	 73 	 1.082532 
25 	 84 	 1.082532 
25 	 85 	 1.082532 
25 	 88 	 1.082532 
25 	 89 	 1.082532 
26 	 69 	 1.082532 
26 	 70 	 1.082532 
26 	 73 	 1.082532 
26 	 74 	 1.082532 
26 	 85 	 1.082532 
26 	 86 	 1.082532 
26 	 89 	 1.082532 
26 	 90 	 1.082532 
27 	 70 	 1.082532 
27 	 71 	 1.082532 
27 	 74 	 1.082532 
27 	 75 	 1.082532 
27 	 86 	 1.082532 
27 	 87 	 1.082532 
27 	 90 	 1.082532 
27 	 91 	 1.082532 
28 	 72 	 1.082532 
28 	 75 	 1.082532 
28 	 76 	 1.082532 
28 	 79 	 1.082532 
28 	 88 	 1.082532 
28 	 91 	 1.082532 
28 	 92 	 1.082532 
28 	 95 	 1.082532 
29 	 72 	 1.082532 
29 	 73 	 1.082532 
29 	 76 	 1.082532 
29 	 77 	 1.082532 
29 	 88 	 1.082532 
29 	 89 	 1.082532 
29 	 92 	 1.082532 
29 	 93 	 1.082532 
30 	 73 	 1.082532 
30 	 74 	 1.082532 
30 	 77 	 1.082532 
30 	 78 	 1.082532 
30 	 89 	 1.082532 
30 	 90 	 1.082532 
30 	 93 	 1.082532 
30 	 94 	 1.082532 
31 	 74 	 1.082532 
31 	 75 	 1.082532 
31 	 78 	 1.082532 
31 	 79 	 1.082532 
31 	 90 	 1.082532 
31 	 91 	 1.082532 
31 	 94 	 1.082532 
31 	 95 	 1.082532 
32 	 80 	 1.082532 
32 	 83 	 1.082532 
32 	 92 	 1.082532 
32 	 95 	 1.082532 
32 	 96 	 1.082532 
32 	 99 	 1.082532 
32 	 108 	 1.082532 
32 	 111 	 1.082532 
33 	 80 	 1.082532 
33 	 81 	 1.082532 
33 	 92 	 1.082532 
33 	 93 	 1.082532 
33 	 96 	 1.082532 
33 	 97 	 1.082532 
33 	 108 	 1.082532 
33 	 109 	 1.082532 
34 	 81 	 1.082532 
34 	 82 	 1.082532 
34 	 93 	 1.082532 
34 	 94 	 1.082532 
34 	 97 	 1.082532 
34 	 98 	 1.082532 
34 	 109 	 1.082532 
34 	 110 	 1.082532 
35 	 82 	 1.082532 
35 	 83 	 1.082532 
35 	 94 	 1.082532 
35 	 95 	 1.082532 
35 	 98 	 1.082532 
35 	 99 	 1.082532 
35 	 110 	 1.082532 
35 	 111 	 1.082532 
36 	 80 	 1.082532 
36 	 83 	 1.082532 
36 	 84 	 1.082532 
36 	 87 	 1.082532 
36 	 96 	 1.082532 
36 	 99 	 1.082532 
36 	 100 	 1.082532 
36 	 103 	 1.082532 
37 	 80 	 1.082532 
37 	 81 	 1.082532 
37 	 84 	 1.082532 
37 	 85 	 1.082532 
37 	 96 	 1.082532 
37 	 97 	 1.082532 
37 	 100 	 1.082532 
37 	 101 	 1.082532 
38 	 81 	 1.082532 
38 	 82 	 1.082532 
38 	 85 	 1.082532 
38 	 86 	 1.082532 
38 	 97 	 1.082532 
38 	 98 	 1.082532 
38 	 101 	 1.082532 
38 	 102 	 1.082532 
39 	 82 	 1.082532 
39 	 83 	 1.082532 
39 	 86 	 1.082532 
39 	 87 	 1.082532 
39 	 98 	 1.082532 
39 	 99 	 1.082532 
39 	 102 	 1.082532 
39 	 103 	 1.082532 
40 	 84 	 1.082532 
40 	 87 	 1.082532 
40 	 88 	 1.082532 
40 	 91 	 1.082532 
40 	 100 	 1.082532 
40 	 103 	 1.082532 
40 	 104 	 1.082532 
40 	 107 	 1.082532 
41 	 84 	 1.082532 
41 	 85 	 1.082532 
41 	 88 	 1.082532 
41 	 89 	 1.082532 
41 	 100 	 1.082532 
41 	 101 	 1.082532 
41 	 104 	 1.082532 
41 	 105 	 1.082532 
42 	 85 	 1.082532 
42 	 86 	 1.082532 
42 	 89 	 1.082532 
42 	 90 	 1.082532 
42 	 101 	 1.082532 
42 	 102 	 1.082532 
42 	 105 	 1.082532 
42 	 106 	 1.082532 
43 	 86 	 1.082532 
43 	 87 	 1.082532 
43 	 90 	 1.082532 
43 	 91 	 1.082532 
43 	 102 	 1.082532 
43 	 103 	 1.082532 
43 	 106 	 1.082532 
43 	 107 	 1.082532 
44 	 88 	 1.082532 
44 	 91 	 1.082532 
44 	 92 	 1.082532 
44 	 95 	 1.082532 
44 	 104 	 1.082532 
44 	 107 	 1.082532 
44 	 108 	 1.082532 
44 	 111 	 1.082532 
45 	 88 	 1.082532 
45 	 89 	 1.082532 
45 	 92 	 1.082532 
45 	 93 	 1.082532 
45 	 104 	 1.082532 
45 	 105 	 1.082532 
45 	 108 	 1.082532 
45 	 109 	 1.082532 
46 	 89 	 1.082532 
46 	 90 	 1.082532 
46 	 93 	 1.082532 
46 	 94 	 1.082532 
46 	 105 	 1.082532 
46 	 106 	 1.082532 
46 	 109 	 1.082532 
46 	 110 	 1.082532 
47 	 90 	 1.082532 
47 	 91 	 1.082532 
47 	 94 	 1.082532 
47 	 95 	 1.082532 
47 	 106 	 1.082532 
47 	 107 	 1.082532 
47 	 110 	 1.082532 
47 	 111 	 1.082532 
48 	 96 	 1.082532 
48 	 99 	 1.082532 
48 	 108 	 1.082532 
48 	 111 	 1.082532 
48 	 112 	 1.082532 
48 	 115 	 1.082532 
48 	 124 	 1.082532 
48 	 127 	 1.082532 
49 	 96 	 1.082532 
49 	 97 	 1.082532 
49 	 108 	 1.082532 
49 	 109 	 1.082532 
49 	 112 	 1.082532 
49 	 113 	 1.082532 
49 	 124 	 1.082532 
49 	 125 	 1.082532 
50 	 97 	 1.082532 
50 	 98 	 1.082532 
50 	 109 	 1.082532 
50 	 110 	 1.082532 
50 	 113 	 1.082532 
50 	 114 	 1.082532 
50 	 125 	 1.082532 
50 	 126 	 1.082532 
51 	 98 	 1.082532 
51 	 99 	 1.082532 
51 	 110 	 1.082532 
51 	 111 	 1.082532 
51 	 114 	 1.082532 
51 	 115 	 1.082532 
51 	 126 	 1.082532 
51 	 127 	 1.082532 
52 	 96 	 1.082532 
52 	 99 	 1.082532 
52 	 100 	 1.082532 
52 	 103 	 1.082532 
52 	 112 	 1.082532 
52 	 115 	 1.082532 
52 	 116 	 1.082532 
52 	 119 	 1.082532 
53 	 96 	 1.082532 
53 	 97 	 1.082532 
53 	 100 	 1.082532 
53 	 101 	 1.082532 
53 	 112 	 1.082532 
53 	 113 	 1.082532 
53 	 116 	 1.082532 
53 	 117 	 1.082532 
54 	 97 	 1.082532 
54 	 98 	 1.082532 
54 	 101 	 1.082532 
54 	 102 	 1.082532 
54 	 113 	 1.082532 
54 	 114 	 1.082532 
54 	 117 	 1.082532 
54 	 118 	 1.082532 
55 	 98 	 1.082532 
55 	 99 	 1.082532 
55 	 102 	 1.082532 
55 	 103 	 1.082532 
55 	 114 	 1.082532 
55 	 115 	 1.082532 
55 	 118 	 1.082532 
55 	 119 	 1.082532 
56 	 100 	 1.082532 
56 	 103 	 1.082532 
56 	 104 	 1.082532 
56 	 107 	 1.082532 
56 	 116 	 1.082532 
56 	 119 	 1.082532 
56 	 120 	 1.082532 
56 	 123 	 1.082532 
57 	 100 	 1.082532 
57 	 101 	 1.082532 
57 	 104 	 1.082532 
57 	 105 	 1.082532 
57 	 116 	 1.082532 
57 	 117 	 1.082532 
57 	 120 	 1.082532 
57 	 121 	 1.082532 
58 	 101 	 1.082532 
58 	 102 	 1.082532 
58 	 105 	 1.082532 
58 	 106 	 1.082532 
58 	 117 	 1.082532 
58 	 118 	 1.082532 
58 	 121 	 1.082532 
58 	 122 	 1.082532 
59 	 102 	 1.082532 
59 	 103 	 1.082532 
59 	 106 	 1.082532 
59 	 107 	 1.082532 
59 	 118 	 1.082532 
59 	 119 	 1.082532 
59 	 122 	 1.082532 
59 	 123 	 1.082532 
60 	 104 	 1.082532 
60 	 107 	 1.082532 
60 	 108 	 1.082532 
60 	 111 	 1.082532 
60 	 120 	 1.082532 
60 	 123 	 1.082532 
60 	 124 	 1.082532 
60 	 127 	 1.082532 
61 	 104 	 1.082532 
61 	 105 	 1.082532 
61 	 108 	 1.082532 
61 	 109 	 1.082532 
61 	 120 	 1.082532 
61 	 121 	 1.082532 
61 	 124 	 1.082532 
61 	 125 	 1.082532 
62 	 105 	 1.082532 
62 	 106 	 1.082532 
62 	 109 	 1.082532 
62 	 110 	 1.082532 
62 	 121 	 1.082532 
62 	 122 	 1.082532 
62 	 125 	 1.082532 
62 	 126 	 1.082532 
63 	 106 	 1.082532 
63 	 107 	 1.082532 
63 	 110 	 1.082532 
63 	 111 	 1.082532 
63 	 122 	 1.082532 
63 	 123 	 1.082532 
63 	 126 	 1.082532 
63 	 127 	 1.082532 
64 	 0 	 1.082532 
64 	 1 	 1.082532 
64 	 4 	 1.082532 
64 	 5 	 1.082532 
64 	 16 	 1.082532 
64 	 17 	 1.082532 
64 	 20 	 1.082532 
64 	 21 	 1.082532 
65 	 1 	 1.082532 
65 	 2 	 1.082532 
65 	 5 	 1.082532 
65 	 6 	 1.082532 
65 	 17 	 1.082532 
65 	 18 	 1.082532 
65 	 21 	 1.082532 
65 	 22 	 1.082532 
66 	 2 	 1.082532 
66 	 3 	 1.082532 
66 	 6 	 1.082532 
66 	 7 	 1.082532 
66 	 18 	 1.082532 
66 	 19 	 1.082532 
66 	 22 	 1.082532 
66 	 23 	 1.082532 
67 	 0 	 1.082532 
67 	 3 	 1.082532 
67 	 4 	 1.082532 
67 	 7 	 1.082532 
67 	 16 	 1.082532 
67 	 19 	 1.082532 
67 	 20 	 1.082532 
67 	 23 	 1.082532 
68 	 4 	 1.082532 
68 	 5 	 1.082532 
68 	 8 	 1.082532 
68 	 9 	 1.082532 
68 	 20 	 1.082532 
68 	 21 	 1.082532 
68 	 24 	 1.082532 
68 	 25 	 1.082532 
69 	 5 	 1.082532 
69 	 6 	 1.082532 
69 	 9 	 1.082532 
69 	 10 	 1.082532 
69 	 21 	 1.082532 
69 	 22 	 1.082532 
69 	 25 	 1.082532 
69 	 26 	 1.082532 
70 	 6 	 1.082532 
70 	 7 	 1.082532 
70 	 10 	 1.082532 
70 	 11 	 1.082532 
70 	 22 	 1.082532 
70 	 23 	 1.082532 
70 	 26 	 1.082532 
70 	 27 	 1.082532 
71 	 4 	 1.082532 
71 	 7 	 1.082532 
71 	 8 	 1.082532 
71 	 11 	 1.082532 
71 	 20 	 1.082532 
71 	 23 	 1.082532 
71 	 24 	 1.082532 
71 	 27 	 1.082532 
72 	 8 	 1.082532 
72 	 9 	 1.082532 
72 	 12 	 1.082532 
72 	 13 	 1.082532 
72 	 24 	 1.082532 
72 	 25 	 1.082532 
72 	 28 	 1.082532 
72 	 29 	 1.082532 
73 	 9 	 1.082532 
73 	 10 	 1.082532 
73 	 13 	 1.082532 
73 	 14 	 1.082532 
73 	 25 	 1.082532 
73 	 26 	 1.082532 
73 	 29 	 1.082532 
73 	 30 	 1.082532 
74 	 10 	 1.082532 
74 	 11 	 1.082532 
74 	 14 	 1.082532 
74 	 15 	 1.082532 
74 	 26 	 1.082532 
74 	 27 	 1.082532 
74 	 30 	 1.082532 
74 	 31 	 1.082532 
75 	 8 	 1.082532 
75 	 11 	 1.082532 
75 	 12 	 1.082532 
75 	 15 	 1.082532 
75 	 24 	 1.082532 
75 	 27 	 1.082532 
75 	 28 	 1.082532 
75 	 31 	 1.082532 
76 	 0 	 1.082532 
76 	 1 	 1.082532 
76 	 12 	 1.082532 
76 	 13 	 1.082532 
76 	 16 	 1.082532 
76 	 17 	 1.082532 
76 	 28 	 1.082532 
76 	 29 	 1.082532 
77 	 1 	 1.082532 
77 	 2 	 1.082532 
77 	 13 	 1.082532 
77 	 14 	 1.082532 
77 	 17 	 1.082532 
77 	 18 	 1.082532 
77 	 29 	 1.082532 
77 	 30 	 1.082532 
78 	 2 	 1.082532 
78 	 3 	 1.082532 
78 	 14 	 1.082532 
78 	 15 	 1.082532 
78 	 18 	 1.082532 
78 	 19 	 1.082532 
78 	 30 	 1.082532 
78 	 31 	 1.082532 
79 	 0 	 1.082532 
79 	 3 	 1.082532 
79 	 12 	 1.082532 
79 	 15 	 1.082532 
79 	 16 	 1.082532 
79 	 19 	 1.082532 
79 	 28 	 1.082532 
79 	 31 	 1.082532 
80 	 16 	 1.082532 
80 	 17 	 1.082532 
80 	 20 	 1.082532 
80 	 21 	 1.082532 
80 	 32 	 1.082532 
80 	 33 	 1.082532 
80 	 36 	 1.082532 
80 	 37 	 1.082532 
81 	 17 	 1.082532 
81 	 18 	 1.082532 
81 	 21 	 1.082532 
81 	 22 	 1.082532 
81 	 33 	 1.082532 
81 	 34 	 1.082532 
81 	 37 	 1.082532 
81 	 38 	 1.082532 
82 	 18 	 1.082532 
82 	 19 	 1.082532 
82 	 22 	 1.082532 
82 	 23 	 1.082532 
82 	 34 	 1.082532 
82 	 35 	 1.082532 
82 	 38 	 1.082532 
82 	 39 	 1.082532 
83 	 16 	 1.082532 
83 	 19 	 1.082532 
83 	 20 	 1.082532 
83 	 23 	 1.082532 
83 	 32 	 1.082532 
83 	 35 	 1.082532 
83 	 36 	 1.082532 
83 	 39 	 1.082532 
84 	 20 	 1.082532 
84 	 21 	 1.082532 
84 	 24 	 1.082532 
84 	 25 	 1.082532 
84 	 36 	 1.082532 
84 	 37 	 1.082532 
84 	 40 	 1.082532 
84 	 41 	 1.082532 
85 	 21 	 1.082532 
85 	 22 	 1.082532 
85 	 25 	 1.082532 
85 	 26 	 1.082532 
85 	 37 	 1.082532 
85 	 38 	 1.082532 
85 	 41 	 1.082532 
85 	 42 	 1.082532 
86 	 22 	 1.082532 
86 	 23 	 1.082532 
86 	 26 	 1.082532 
86 	 27 	 1.082532 
86 	 38 	 1.082532 
86 	 39 	 1.082532 
86 	 42 	 1.082532 
86 	 43 	 1.082532 
87 	 20 	 1.082532 
87 	 23 	 1.082532 
87 	 24 	 1.082532 
87 	 27 	 1.082532 
87 	 36 	 1.082532 
87 	 39 	 1.082532 
87 	 40 	 1.082532 
87 	 43 	 1.082532 
88 	 24 	 1.082532 
88 	 25 	 1.082532 
88 	 28 	 1.082532 
88 	 29 	 1.082532 
88 	 40 	 1.082532 
88 	 41 	 1.082532 
88 	 44 	 1.082532 
88 	 45 	 1.082532 
89 	 25 	 1.082532 
89 	 26 	 1.082532 
89 	 29 	 1.082532 
89 	 30 	 1.082532 
89 	 41 	 1.082532 
89 	 42 	 1.082532 
89 	 45 	 1.082532 
89 	 46 	 1.082532 
90 	 26 	 1.082532 
90 	 27 	 1.082532 
90 	 30 	 1.082532 
90 	 31 	 1.082532 
90 	 42 	 1.082532 
90 	 43 	 1.082532 
90 	 46 	 1.082532 
90 	 47 	 1.082532 
91 	 24 	 1.082532 
91 	 27 	 1.082532 
91 	 28 	 1.082532 
91 	 31 	 1.082532 
91 	 40 	 1.082532 
91 	 43 	 1.082532 
91 	 44 	 1.082532 
91 	 47 	 1.082532 
92 	 16 	 1.082532 
92 	 17 	 1.082532 
92 	 28 	 1.082532 
92 	 29 	 1.082532 
92 	 32 	 1.082532 
92 	 33 	 1.082532 
92 	 44 	 1.082532 
92 	 45 	 1.082532 
93 	 17 	 1.082532 
93 	 18 	 1.082532 
93 	 29 	 1.082532 
93 	 30 	 1.082532 
93 	 33 	 1.082532 
93 	 34 	 1.082532 
93 	 45 	 1.082532 
93 	 46 	 1.082532 
94 	 18 	 1.082532 
94 	 19 	 1.082532 
94 	 30 	 1.082532 
94 	 31 	 1.082532 
94 	 34 	 1.082532 
94 	 35 	 1.082532 
94 	 46 	 1.082532 
94 	 47 	 1.082532 
95 	 16 	 1.082532 
95 	 19 	 1.082532 
95 	 28 	 1.082532 
95 	 31 	 1.082532 
95 	 32 	 1.082532 
95 	 35 	 1.082532 
95 	 44 	 1.082532 
95 	 47 	 1.082532 
96 	 32 	 1.082532 
96 	 33 	 1.082532 
96 	 36 	 1.082532 
96 	 37 	 1.082532 
96 	 48 	 1.082532 
96 	 49 	 1.082532 
96 	 52 	 1.082532 
96 	 53 	 1.082532 
97 	 33 	 1.082532 
97 	 34 	 1.082532 
97 	 37 	 1.082532 
97 	 38 	 1.082532 
97 	 49 	 1.082532 
97 	 50 	 1.082532 
97 	 53 	 1.082532 
97 	 54 	 1.082532 
98 	 34 	 1.082532 
98 	 35 	 1.082532 
98 	 38 	 1.082532 
98 	 39 	 1.082532 
98 	 50 	 1.082532 
98 	 51 	 1.082532 
98 	 54 	 1.082532 
98 	 55 	 1.082532 
99 	 32 	 1.082532 
99 	 35 	 1.082532 
99 	 36 	 1.082532 
99 	 39 	 1.082532 
99 	 48 	 1.082532 
99 	 51 	 1.082532 
99 	 52 	 1.082532 
99 	 55 	 1.082532 
100 	 36 	 1.082532 
100 	 37 	 1.082532 
100 	 40 	 1.082532 
100 	 41 	 1.082532 
100 	 52 	 1.082532 
100 	 53 	 1.082532 
100 	 56 	 1.082532 
100 	 57 	 1.082532 
101 	 37 	 1.082532 
101 	 38 	 1.082532 
101 	 41 	 1.082532 
101 	 42 	 1.082532 
101 	 53 	 1.082532 
101 	 54 	 1.082532 
101 	 57 	 1.082532 
101 	 58 	 1.082532 
102 	 38 	 1.082532 
102 	 39 	 1.082532 
102 	 42 	 1.082532 
102 	 43 	 1.082532 
102 	 54 	 1.082532 
102 	 55 	 1.082532 
102 	 58 	 1.082532 
102 	 59 	 1.082532 
103 	 36 	 1.082532 
103 	 39 	 1.082532 
103 	 40 	 1.082532 
103 	 43 	 1.082532 
103 	 52 	 1.082532 
103 	 55 	 1.082532 
103 	 56 	 1.082532 
103 	 59 	 1.082532 
104 	 40 	 1.082532 
104 	 41 	 1.082532 
104 	 44 	 1.082532 
104 	 45 	 1.082532 
104 	 56 	 1.082532 
104 	 57 	 1.082532 
104 	 60 	 1.082532 
104 	 61 	 1.082532 
105 	 41 	 1.082532 
105 	 42 	 1.082532 
105 	 45 	 1.082532 
105 	 46 	 1.082532 
105 	 57 	 1.082532 
105 	 58 	 1.082532 
105 	 61 	 1.082532 
105 	 62 	 1.082532 
106 	 42 	 1.082532 
106 	 43 	 1.082532 
106 	 46 	 1.082532 
106 	 47 	 1.082532 
106 	 58 	 1.082532 
106 	 59 	 1.082532 
106 	 62 	 1.082532 
106 	 63 	 1.082532 
107 	 40 	 1.082532 
107 	 43 	 1.082532 
107 	 44 	 1.082532 
107 	 47 	 1.082532 
107 	 56 	 1.082532 
107 	 59 	 1.082532 
107 	 60 	 1.082532 
107 	 63 	 1.082532 
108 	 32 	 1.082532 
108 	 33 	 1.082532 
108 	 44 	 1.082532 
108 	 45 	 1.082532 
108 	 48 	 1.082532 
108 	 49 	 1.082532 
108 	 60 	 1.082532 
108 	 61 	 1.082532 
109 	 33 	 1.082532 
109 	 34 	 1.082532 
109 	 45 	 1.082532 
109 	 46 	 1.082532 
109 	 49 	 1.082532 
109 	 50 	 1.082532 
109 	 61 	 1.082532 
109 	 62 	 1.082532 
110 	 34 	 1.082532 
110 	 35 	 1.082532 
110 	 46 	 1.082532 
110 	 47 	 1.082532 
110 	 50 	 1.082532 
110 	 51 	 1.082532 
110 	 62 	 1.082532 
110 	 63 	 1.082532 
111 	 32 	 1.082532 
111 	 35 	 1.082532 
111 	 44 	 1.082532 
111 	 47 	 1.082532 
111 	 48 	 1.082532 
111 	 51 	 1.082532 
111 	 60 	 1.082532 
111 	 63 	 1.082532 
112 	 0 	 1.082532 
112 	 1 	 1.082532 
112 	 4 	 1.082532 
112 	 5 	 1.082532 
112 	 48 	 1.082532 
112 	 49 	 1.082532 
112 	 52 	 1.082532 
112 	 53 	 1.082532 
113 	 1 	 1.082532 
113 	 2 	 1.082532 
113 	 5 	 1.082532 
113 	 6 	 1.082532 
113 	 49 	 1.082532 
113 	 50 	 1.082532 
113 	 53 	 1.082532 
113 	 54 	 1.082532 
114 	 2 	 1.082532 
114 	 3 	 1.082532 
114 	 6 	 1.082532 
114 	 7 	 1.082532 
114 	 50 	 1.082532 
114 	 51 	 1.082532 
114 	 54 	 1.082532 
114 	 55 	 1.082532 
115 	 0 	 1.082532 
115 	 3 	 1.082532 
115 	 4 	 1.082532 
115 	 7 	 1.082532 
115 	 48 	 1.082532 
115 	 51 	 1.082532 
115 	 52 	 1.082532 
115 	 55 	 1.082532 
116 	 4 	 1.082532 
116 	 5 	 1.082532 
116 	 8 	 1.082532 
116 	 9 	 1.082532 
116 	 52 	 1.082532 
116 	 53 	 1.082532 
116 	 56 	 1.082532 
116 	 57 	 1.082532 
117 	 5 	 1.082532 
117 	 6 	 1.082532 
117 	 9 	 1.082532 
117 	 10 	 1.082532 
117 	 53 	 1.082532 
117 	 54 	 1.082532 
117 	 57 	 1.082532 
117 	 58 	 1.082532 
118 	 6 	 1.082532 
118 	 7 	 1.082532 
118 	 10 	 1.082532 
118 	 11 	 1.082532 
118 	 54 	 1.082532 
118 	 55 	 1.082532 
118 	 58 	 1.082532 
118 	 59 	 1.082532 
119 	 4 	 1.082532 
119 	 7 	 1.082532 
119 	 8 	 1.082532 
119 	 11 	 1.082532 
119 	 52 	 1.082532 
119 	 55 	 1.082532 
119 	 56 	 1.082532 
119 	 59 	 1.082532 
120 	 8 	 1.082532 
120 	 9 	 1.082532 
120 	 12 	 1.082532 
120 	 13 	 1.082532 
120 	 56 	 1.082532 
120 	 57 	 1.082532 
120 	 60 	 1.082532 
120 	 61 	 1.082532 
121 	 9 	 1.082532 
121 	 10 	 1.082532 
121 	 13 	 1.082532 
121 	 14 	 1.082532 
121 	 57 	 1.082532 
121 	 58 	 1.082532 
121 	 61 	 1.082532 
121 	 62 	 1.082532 
122 	 10 	 1.082532 
122 	 11 	 1.082532 
122 	 14 	 1.082532 
122 	 15 	 1.082532 
122 	 58 	 1.082532 
122 	 59 	 1.082532 
122 	 62 	 1.082532 
122 	 63 	 1.082532 
123 	 8 	 1.082532 
123 	 11 	 1.082532 
123 	 12 	 1.082532 
123 	 15 	 1.082532 
123 	 56 	 1.082532 
123 	 59 	 1.082532 
123 	 60 	 1.082532 
123 	 63 	 1.082532 
124 	 0 	 1.082532 
124 	 1 	 1.082532 
124 	 12 	 1.082532 
124 	 13 	 1.082532 
124 	 48 	 1.082532 
124 	 49 	 1.082532 
124 	 60 	 1.082532 
124 	 61 	 1.082532 
125 	 1 	 1.082532 
125 	 2 	 1.082532 
125 	 13 	 1.082532 
125 	 14 	 1.082532 
125 	 49 	 1.082532 
125 	 50 	 1.082532 
125 	 61 	 1.082532 
125 	 62 	 1.082532 
126 	 2 	 1.082532 
126 	 3 	 1.082532 
126 	 14 	 1.082532 
126 	 15 	 1.082532 
126 	 50 	 1.082532 
126 	 51 	 1.082532 
126 	 62 	 1.082532 
126 	 63 	 1.082532 
127 	 0 	 1.082532 
127 	 3 	 1.082532 
127 	 12 	 1.082532 
127 	 15 	 1.082532 
127 	 48 	 1.082532 
127 	 51 	 1.082532 
127 	 60 	 1.082532 
127 	 63 	 1.082532 
