0 	 64 	 0.883883 
0 	 65 	 0.883883 
0 	 66 	 0.883883 
0 	 73 	 0.883883 
0 	 74 	 0.883883 
0 	 100 	 0.883883 
0 	 102 	 0.883883 
0 	 109 	 0.883883 
0 	 209 	 0.883883 
0 	 210 	 0.883883 
0 	 218 	 0.883883 
0 	 246 	 0.883883 
1 	 64 	 0.883883 
1 	 65 	 0.883883 
1 	 67 	 0.883883 
1 	 68 	 0.883883 
1 	 69 	 0.883883 
1 	 100 	 0.883883 
1 	 103 	 0.883883 
1 	 105 	 0.883883 
1 	 209 	 0.883883 
1 	 212 	 0.883883 
1 	 213 	 0.883883 
1 	 249 	 0.883883 
2 	 67 	 0.883883 
2 	 68 	 0.883883 
2 	 70 	 0.883883 
2 	 71 	 0.883883 
2 	 72 	 0.883883 
2 	 103 	 0.883883 
2 	 106 	 0.883883 
2 	 108 	 0.883883 
2 	 212 	 0.883883 
2 	 215 	 0.883883 
2 	 216 	 0.883883 
2 	 252 	 0.883883 
3 	 70 	 0.883883 
3 	 71 	 0.883883 
3 	 73 	 0.883883 
3 	 74 	 0.883883 
3 	 75 	 0.883883 
3 	 106 	 0.883883 
3 	 109 	 0.883883 
3 	 111 	 0.883883 
3 	 215 	 0.883883 
3 	 218 	 0.883883 
3 	 219 	 0.883883 
3 	 255 	 0.883883 
4 	 64 	 0.883883 
4 	 66 	 0.883883 
4 	 73 	 0.883883 
4 	 76 	 0.883883 
4 	 77 	 0.883883 
4 	 78 	 0.883883 
4 	 85 	 0.883883 
4 	 86 	 0.883883 
4 	 210 	 0.883883 
4 	 221 	 0.883883 
4 	 222 	 0.883883 
4 	 230 	 0.883883 
5 	 64 	 0.883883 
5 	 67 	 0.883883 
5 	 69 	 0.883883 
5 	 76 	 0.883883 
5 	 77 	 0.883883 
5 	 79 	 0.883883 
5 	 80 	 0.883883 
5 	 81 	 0.883883 
5 	 213 	 0.883883 
5 	 221 	 0.883883 
5 	 224 	 0.883883 
5 	 225 	 0.883883 
6 	 67 	 0.883883 
6 	 70 	 0.883883 
6 	 72 	 0.883883 
6 	 79 	 0.883883 
6 	 80 	 0.883883 
6 	 82 	 0.883883 
6 	 83 	 0.883883 
6 	 84 	 0.883883 
6 	 216 	 0.883883 
6 	 224 	 0.883883 
6 	 227 	 0.883883 
6 	 228 	 0.883883 
7 	 70 	 0.883883 
7 	 73 	 0.883883 
7 	 75 	 0.883883 
7 	 82 	 0.883883 
7 	 83 	 0.883883 
7 	 85 	 0.883883 
7 	 86 	 0.883883 
7 	 87 	 0.883883 
7 	 219 	 0.883883 
7 	 227 	 0.883883 
7 	 230 	 0.883883 
7 	 231 	 0.883883 
8 	 76 	 0.883883 
8 	 78 	 0.883883 
8 	 85 	 0.883883 
8 	 88 	 0.883883 
8 	 89 	 0.883883 
8 	 90 	 0.883883 
8 	 97 	 0.883883 
8 	 98 	 0.883883 
8 	 222 	 0.883883 
8 	 233 	 0.883883 
8 	 234 	 0.883883 
8 	 242 	 0.883883 
9 	 76 	 0.883883 
9 	 79 	 0.883883 
9 	 81 	 0.883883 
9 	 88 	 0.883883 
9 	 89 	 0.883883 
9 	 91 	 0.883883 
9 	 92 	 0.883883 
9 	 93 	 0.883883 
9 	 225 	 0.883883 
9 	 233 	 0.883883 
9 	 236 	 0.883883 
9 	 237 	 0.883883 
10 	 79 	 0.883883 
10 	 82 	 0.883883 
10 	 84 	 0.883883 
10 	 91 	 0.883883 
10 	 92 	 0.883883 
10 	 94 	 0.883883 
10 	 95 	 0.883883 
10 	 96 	 0.883883 
10 	 228 	 0.883883 
10 	 236 	 0.883883 
10 	 239 	 0.883883 
10 	 240 	 0.883883 
11 	 82 	 0.883883 
11 	 85 	 0.883883 
11 	 87 	 0.883883 
11 	 94 	 0.883883 
11 	 95 	 0.883883 
11 	 97 	 0.883883 
11 	 98 	 0.883883 
11 	 99 	 0.883883 
11 	 231 	 0.883883 
11 	 239 	 0.883883 
11 	 242 	 0.883883 
11 	 243 	 0.883883 
12 	 88 	 0.883883 
12 	 90 	 0.883883 
12 	 97 	 0.883883 
12 	 100 	 0.883883 
12 	 101 	 0.883883 
12 	 102 	 0.883883 
12 	 109 	 0.883883 
12 	 110 	 0.883883 
12 	 234 	 0.883883 
12 	 245 	 0.883883 
12 	 246 	 0.883883 
12 	 254 	 0.883883 
13 	 88 	 0.883883 
13 	 91 	 0.883883 
13 	 93 	 0.883883 
13 	 100 	 0.883883 
13 	 101 	 0.883883 
13 	 103 	 0.883883 
13 	 104 	 0.883883 
13 	 105 	 0.883883 
13 	 237 	 0.883883 
13 	 245 	 0.883883 
13 	 248 	 0.883883 
13 	 249 	 0.883883 
14 	 91 	 0.883883 
14 	 94 	 0.883883 
14 	 96 	 0.883883 
14 	 103 	 0.883883 
14 	 104 	 0.883883 
14 	 106 	 0.883883 
14 	 107 	 0.883883 
14 	 108 	 0.883883 
14 	 240 	 0.883883 
14 	 248 	 0.883883 
14 	 251 	 0.883883 
14 	 252 	 0.883883 
15 	 94 	 0.883883 
15 	 97 	 0.883883 
15 	 99 	 0.883883 
15 	 106 	 0.883883 
15 	 107 	 0.883883 
15 	 109 	 0.883883 
15 	 110 	 0.883883 
15 	 111 	 0.883883 
15 	 243 	 0.883883 
15 	 251 	 0.883883 
15 	 254 	 0.883883 
15 	 255 	 0.883883 
16 	 65 	 0.883883 
16 	 66 	 0.883883 
16 	 74 	 0.883883 
16 	 102 	 0.883883 
16 	 112 	 0.883883 
16 	 113 	 0.883883 
16 	 114 	 0.883883 
16 	 121 	 0.883883 
16 	 122 	 0.883883 
16 	 148 	 0.883883 
16 	 150 	 0.883883 
16 	 157 	 0.883883 
17 	 65 	 0.883883 
17 	 68 	 0.883883 
17 	 69 	 0.883883 
17 	 105 	 0.883883 
17 	 112 	 0.883883 
17 	 113 	 0.883883 
17 	 115 	 0.883883 
17 	 116 	 0.883883 
17 	 117 	 0.883883 
17 	 148 	 0.883883 
17 	 151 	 0.883883 
17 	 153 	 0.883883 
18 	 68 	 0.883883 
18 	 71 	 0.883883 
18 	 72 	 0.883883 
18 	 108 	 0.883883 
18 	 115 	 0.883883 
18 	 116 	 0.883883 
18 	 118 	 0.883883 
18 	 119 	 0.883883 
18 	 120 	 0.883883 
18 	 151 	 0.883883 
18 	 154 	 0.883883 
18 	 156 	 0.883883 
19 	 71 	 0.883883 
19 	 74 	 0.883883 
19 	 75 	 0.883883 
19 	 111 	 0.883883 
19 	 118 	 0.883883 
19 	 119 	 0.883883 
19 	 121 	 0.883883 
19 	 122 	 0.883883 
19 	 123 	 0.883883 
19 	 154 	 0.883883 
19 	 157 	 0.883883 
19 	 159 	 0.883883 
20 	 66 	 0.883883 
20 	 77 	 0.883883 
20 	 78 	 0.883883 
20 	 86 	 0.883883 
20 	 112 	 0.883883 
20 	 114 	 0.883883 
20 	 121 	 0.883883 
20 	 124 	 0.883883 
20 	 125 	 0.883883 
20 	 126 	 0.883883 
20 	 133 	 0.883883 
20 	 134 	 0.883883 
21 	 69 	 0.883883 
21 	 77 	 0.883883 
21 	 80 	 0.883883 
21 	 81 	 0.883883 
21 	 112 	 0.883883 
21 	 115 	 0.883883 
21 	 117 	 0.883883 
21 	 124 	 0.883883 
21 	 125 	 0.883883 
21 	 127 	 0.883883 
21 	 128 	 0.883883 
21 	 129 	 0.883883 
22 	 72 	 0.883883 
22 	 80 	 0.883883 
22 	 83 	 0.883883 
22 	 84 	 0.883883 
22 	 115 	 0.883883 
22 	 118 	 0.883883 
22 	 120 	 0.883883 
22 	 127 	 0.883883 
22 	 128 	 0.883883 
22 	 130 	 0.883883 
22 	 131 	 0.883883 
22 	 132 	 0.883883 
23 	 75 	 0.883883 
23 	 83 	 0.883883 
23 	 86 	 0.883883 
23 	 87 	 0.883883 
23 	 118 	 0.883883 
23 	 121 	 0.883883 
23 	 123 	 0.883883 
23 	 130 	 0.883883 
23 	 131 	 0.883883 
23 	 133 	 0.883883 
23 	 134 	 0.883883 
23 	 135 	 0.883883 
24 	 78 	 0.883883 
24 	 89 	 0.883883 
24 	 90 	 0.883883 
24 	 98 	 0.883883 
24 	 124 	 0.883883 
24 	 126 	 0.883883 
24 	 133 	 0.883883 
24 	 136 	 0.883883 
24 	 137 	 0.883883 
24 	 138 	 0.883883 
24 	 145 	 0.883883 
24 	 146 	 0.883883 
25 	 81 	 0.883883 
25 	 89 	 0.883883 
25 	 92 	 0.883883 
25 	 93 	 0.883883 
25 	 124 	 0.883883 
25 	 127 	 0.883883 
25 	 129 	 0.883883 
25 	 136 	 0.883883 
25 	 137 	 0.883883 
25 	 139 	 0.883883 
25 	 140 	 0.883883 
25 	 141 	 0.883883 
26 	 84 	 0.883883 
26 	 92 	 0.883883 
26 	 95 	 0.883883 
26 	 96 	 0.883883 
26 	 127 	 0.883883 
26 	 130 	 0.883883 
26 	 132 	 0.883883 
26 	 139 	 0.883883 
26 	 140 	 0.883883 
26 	 142 	 0.883883 
26 	 143 	 0.883883 
26 	 144 	 0.883883 
27 	 87 	 0.883883 
27 	 95 	 0.883883 
27 	 98 	 0.883883 
27 	 99 	 0.883883 
27 	 130 	 0.883883 
27 	 133 	 0.883883 
27 	 135 	 0.883883 
27 	 142 	 0.883883 
27 	 143 	 0.883883 
27 	 145 	 0.883883 
27 	 146 	 0.883883 
27 	 147 	 0.883883 
28 	 90 	 0.883883 
28 	 101 	 0.883883 
28 	 102 	 0.883883 
28 	 110 	 0.883883 
28 	 136 	 0.883883 
28 	 138 	 0.883883 
28 	 145 	 0.883883 
28 	 148 	 0.883883 
28 	 149 	 0.883883 
28 	 150 	 0.883883 
28 	 157 	 0.883883 
28 	 158 	 0.883883 
29 	 93 	 0.883883 
29 	 101 	 0.883883 
29 	 104 	 0.883883 
29 	 105 	 0.883883 
29 	 136 	 0.883883 
29 	 139 	 0.883883 
29 	 141 	 0.883883 
29 	 148 	 0.883883 
29 	 149 	 0.883883 
29 	 151 	 0.883883 
29 	 152 	 0.883883 
29 	 153 	 0.883883 
30 	 96 	 0.883883 
30 	 104 	 0.883883 
30 	 107 	 0.883883 
30 	 108 	 0.883883 
30 	 139 	 0.883883 
30 	 142 	 0.883883 
30 	 144 	 0.883883 
30 	 151 	 0.883883 
30 	 152 	 0.883883 
30 	 154 	 0.883883 
30 	 155 	 0.883883 
30 	 156 	 0.883883 
31 	 99 	 0.883883 
31 	 107 	 0.883883 
31 	 110 	 0.883883 
31 	 111 	 0.883883 
31 	 142 	 0.883883 
31 	 145 	 0.883883 
31 	 147 	 0.883883 
31 	 154 	 0.883883 
31 	 155 	 0.883883 
31 	 157 	 0.883883 
31 	 158 	 0.883883 
31 	 159 	 0.883883 
32 	 113 	 0.883883 
32 	 114 	 0.883883 
32 	 122 	 0.883883 
32 	 150 	 0.883883 
32 	 160 	 0.883883 
32 	 161 	 0.883883 
32 	 162 	 0.883883 
32 	 169 	 0.883883 
32 	 170 	 0.883883 
32 	 196 	 0.883883 
32 	 198 	 0.883883 
32 	 205 	 0.883883 
33 	 113 	 0.883883 
33 	 116 	 0.883883 
33 	 117 	 0.883883 
33 	 153 	 0.883883 
33 	 160 	 0.883883 
33 	 161 	 0.883883 
33 	 163 	 0.883883 
33 	 164 	 0.883883 
33 	 165 	 0.883883 
33 	 196 	 0.883883 
33 	 199 	 0.883883 
33 	 201 	 0.883883 
34 	 116 	 0.883883 
34 	 119 	 0.883883 
34 	 120 	 0.883883 
34 	 156 	 0.883883 
34 	 163 	 0.883883 
34 	 164 	 0.883883 
34 	 166 	 0.883883 
34 	 167 	 0.883883 
34 	 168 	 0.883883 
34 	 199 	 0.883883 
34 	 202 	 0.883883 
34 	 204 	 0.883883 
35 	 119 	 0.883883 
35 	 122 	 0.883883 
35 	 123 	 0.883883 
35 	 159 	 0.883883 
35 	 166 	 0.883883 
35 	 167 	 0.883883 
35 	 169 	 0.883883 
35 	 170 	 0.883883 
35 	 171 	 0.883883 
35 	 202 	 0.883883 
35 	 205 	 0.883883 
35 	 207 	 0.883883 
36 	 114 	 0.883883 
36 	 125 	 0.883883 
36 	 126 	 0.883883 
36 	 134 	 0.883883 
36 	 160 	 0.883883 
36 	 162 	 0.883883 
36 	 169 	 0.883883 
36 	 172 	 0.883883 
36 	 173 	 0.883883 
36 	 174 	 0.883883 
36 	 181 	 0.883883 
36 	 182 	 0.883883 
37 	 117 	 0.883883 
37 	 125 	 0.883883 
37 	 128 	 0.883883 
37 	 129 	 0.883883 
37 	 160 	 0.883883 
37 	 163 	 0.883883 
37 	 165 	 0.883883 
37 	 172 	 0.883883 
37 	 173 	 0.883883 
37 	 175 	 0.883883 
37 	 176 	 0.883883 
37 	 177 	 0.883883 
38 	 120 	 0.883883 
38 	 128 	 0.883883 
38 	 131 	 0.883883 
38 	 132 	 0.883883 
38 	 163 	 0.883883 
38 	 166 	 0.883883 
38 	 168 	 0.883883 
38 	 175 	 0.883883 
38 	 176 	 0.883883 
38 	 178 	 0.883883 
38 	 179 	 0.883883 
38 	 180 	 0.883883 
39 	 123 	 0.883883 
39 	 131 	 0.883883 
39 	 134 	 0.883883 
39 	 135 	 0.883883 
39 	 166 	 0.883883 
39 	 169 	 0.883883 
39 	 171 	 0.883883 
39 	 178 	 0.883883 
39 	 179 	 0.883883 
39 	 181 	 0.883883 
39 	 182 	 0.883883 
39 	 183 	 0.883883 
40 	 126 	 0.883883 
40 	 137 	 0.883883 
40 	 138 	 0.883883 
40 	 146 	 0.883883 
40 	 172 	 0.883883 
40 	 174 	 0.883883 
40 	 181 	 0.883883 
40 	 184 	 0.883883 
40 	 185 	 0.883883 
40 	 186 	 0.883883 
40 	 193 	 0.883883 
40 	 194 	 0.883883 
41 	 129 	 0.883883 
41 	 137 	 0.883883 
41 	 140 	 0.883883 
41 	 141 	 0.883883 
41 	 172 	 0.883883 
41 	 175 	 0.883883 
41 	 177 	 0.883883 
41 	 184 	 0.883883 
41 	 185 	 0.883883 
41 	 187 	 0.883883 
41 	 188 	 0.883883 
41 	 189 	 0.883883 
42 	 132 	 0.883883 
42 	 140 	 0.883883 
42 	 143 	 0.883883 
42 	 144 	 0.883883 
42 	 175 	 0.883883 
42 	 178 	 0.883883 
42 	 180 	 0.883883 
42 	 187 	 0.883883 
42 	 188 	 0.883883 
42 	 190 	 0.883883 
42 	 191 	 0.883883 
42 	 192 	 0.883883 
43 	 135 	 0.883883 
43 	 143 	 0.883883 
43 	 146 	 0.883883 
43 	 147 	 0.883883 
43 	 178 	 0.883883 
43 	 181 	 0.883883 
43 	 183 	 0.883883 
43 	 190 	 0.883883 
43 	 191 	 0.883883 
43 	 193 	 0.883883 
43 	 194 	 0.883883 
43 	 195 	 0.883883 
44 	 138 	 0.883883 
44 	 149 	 0.883883 
44 	 150 	 0.883883 
44 	 158 	 0.883883 
44 	 184 	 0.883883 
44 	 186 	 0.883883 
44 	 193 	 0.883883 
44 	 196 	 0.883883 
44 	 197 	 0.883883 
44 	 198 	 0.883883 
44 	 205 	 0.883883 
44 	 206 	 0.883883 
45 	 141 	 0.883883 
45 	 149 	 0.883883 
45 	 152 	 0.883883 
45 	 153 	 0.883883 
45 	 184 	 0.883883 
45 	 187 	 0.883883 
45 	 189 	 0.883883 
45 	 196 	 0.883883 
45 	 197 	 0.883883 
45 	 199 	 0.883883 
45 	 200 	 0.883883 
45 	 201 	 0.883883 
46 	 144 	 0.883883 
46 	 152 	 0.883883 
46 	 155 	 0.883883 
46 	 156 	 0.883883 
46 	 187 	 0.883883 
46 	 190 	 0.883883 
46 	 192 	 0.883883 
46 	 199 	 0.883883 
46 	 200 	 0.883883 
46 	 202 	 0.883883 
46 	 203 	 0.883883 
46 	 204 	 0.883883 
47 	 147 	 0.883883 
47 	 155 	 0.883883 
47 	 158 	 0.883883 
47 	 159 	 0.883883 
47 	 190 	 0.883883 
47 	 193 	 0.883883 
47 	 195 	 0.883883 
47 	 202 	 0.883883 
47 	 203 	 0.883883 
47 	 205 	 0.883883 
47 	 206 	 0.883883 
47 	 207 	 0.883883 
48 	 161 	 0.883883 
48 	 162 	 0.883883 
48 	 170 	 0.883883 
48 	 198 	 0.883883 
48 	 208 	 0.883883 
48 	 209 	 0.883883 
48 	 210 	 0.883883 
48 	 217 	 0.883883 
48 	 218 	 0.883883 
48 	 244 	 0.883883 
48 	 246 	 0.883883 
48 	 253 	 0.883883 
49 	 161 	 0.883883 
49 	 164 	 0.883883 
49 	 165 	 0.883883 
49 	 201 	 0.883883 
49 	 208 	 0.883883 
49 	 209 	 0.883883 
49 	 211 	 0.883883 
49 	 212 	 0.883883 
49 	 213 	 0.883883 
49 	 244 	 0.883883 
49 	 247 	 0.883883 
49 	 249 	 0.883883 
50 	 164 	 0.883883 
50 	 167 	 0.883883 
50 	 168 	 0.883883 
50 	 204 	 0.883883 
50 	 211 	 0.883883 
50 	 212 	 0.883883 
50 	 214 	 0.883883 
50 	 215 	 0.883883 
50 	 216 	 0.883883 
50 	 247 	 0.883883 
50 	 250 	 0.883883 
50 	 252 	 0.883883 
51 	 167 	 0.883883 
51 	 170 	 0.883883 
51 	 171 	 0.883883 
51 	 207 	 0.883883 
51 	 214 	 0.883883 
51 	 215 	 0.883883 
51 	 217 	 0.883883 
51 	 218 	 0.883883 
51 	 219 	 0.883883 
51 	 250 	 0.883883 
51 	 253 	 0.883883 
51 	 255 	 0.883883 
52 	 162 	 0.883883 
52 	 173 	 0.883883 
52 	 174 	 0.883883 
52 	 182 	 0.883883 
52 	 208 	 0.883883 
52 	 210 	 0.883883 
52 	 217 	 0.883883 
52 	 220 	 0.883883 
52 	 221 	 0.883883 
52 	 222 	 0.883883 
52 	 229 	 0.883883 
52 	 230 	 0.883883 
53 	 165 	 0.883883 
53 	 173 	 0.883883 
53 	 176 	 0.883883 
53 	 177 	 0.883883 
53 	 208 	 0.883883 
53 	 211 	 0.883883 
53 	 213 	 0.883883 
53 	 220 	 0.883883 
53 	 221 	 0.883883 
53 	 223 	 0.883883 
53 	 224 	 0.883883 
53 	 225 	 0.883883 
54 	 168 	 0.883883 
54 	 176 	 0.883883 
54 	 179 	 0.883883 
54 	 180 	 0.883883 
54 	 211 	 0.883883 
54 	 214 	 0.883883 
54 	 216 	 0.883883 
54 	 223 	 0.883883 
54 	 224 	 0.883883 
54 	 226 	 0.883883 
54 	 227 	 0.883883 
54 	 228 	 0.883883 
55 	 171 	 0.883883 
55 	 179 	 0.883883 
55 	 182 	 0.883883 
55 	 183 	 0.883883 
55 	 214 	 0.883883 
55 	 217 	 0.883883 
55 	 219 	 0.883883 
55 	 226 	 0.883883 
55 	 227 	 0.883883 
55 	 229 	 0.883883 
55 	 230 	 0.883883 
55 	 231 	 0.883883 
56 	 174 	 0.883883 
56 	 185 	 0.883883 
56 	 186 	 0.883883 
56 	 194 	 0.883883 
56 	 220 	 0.883883 
56 	 222 	 0.883883 
56 	 229 	 0.883883 
56 	 232 	 0.883883 
56 	 233 	 0.883883 
56 	 234 	 0.883883 
56 	 241 	 0.883883 
56 	 242 	 0.883883 
57 	 177 	 0.883883 
57 	 185 	 0.883883 
57 	 188 	 0.883883 
57 	 189 	 0.883883 
57 	 220 	 0.883883 
57 	 223 	 0.883883 
57 	 225 	 0.883883 
57 	 232 	 0.883883 
57 	 233 	 0.883883 
57 	 235 	 0.883883 
57 	 236 	 0.883883 
57 	 237 	 0.883883 
58 	 180 	 0.883883 
58 	 188 	 0.883883 
58 	 191 	 0.883883 
58 	 192 	 0.883883 
58 	 223 	 0.883883 
58 	 226 	 0.883883 
58 	 228 	 0.883883 
58 	 235 	 0.883883 
58 	 236 	 0.883883 
58 	 238 	 0.883883 
58 	 239 	 0.883883 
58 	 240 	 0.883883 
59 	 183 	 0.883883 
59 	 191 	 0.883883 
59 	 194 	 0.883883 
59 	 195 	 0.883883 
59 	 226 	 0.883883 
59 	 229 	 0.883883 
59 	 231 	 0.883883 
59 	 238 	 0.883883 
59 	 239 	 0.883883 
59 	 241 	 0.883883 
59 	 242 	 0.883883 
59 	 243 	 0.883883 
60 	 186 	 0.883883 
60 	 197 	 0.883883 
60 	 198 	 0.883883 
60 	 206 	 0.883883 
60 	 232 	 0.883883 
60 	 234 	 0.883883 
60 	 241 	 0.883883 
60 	 244 	 0.883883 
60 	 245 	 0.883883 
60 	 246 	 0.883883 
60 	 253 	 0.883883 
60 	 254 	 0.883883 
61 	 189 	 0.883883 
61 	 197 	 0.883883 
61 	 200 	 0.883883 
61 	 201 	 0.883883 
61 	 232 	 0.883883 
61 	 235 	 0.883883 
61 	 237 	 0.883883 
61 	 244 	 0.883883 
61 	 245 	 0.883883 
61 	 247 	 0.883883 
61 	 248 	 0.883883 
61 	 249 	 0.883883 
62 	 192 	 0.883883 
62 	 200 	 0.883883 
62 	 203 	 0.883883 
62 	 204 	 0.883883 
62 	 235 	 0.883883 
62 	 238 	 0.883883 
62 	 240 	 0.883883 
62 	 247 	 0.883883 
62 	 248 	 0.883883 
62 	 250 	 0.883883 
62 	 251 	 0.883883 
62 	 252 	 0.883883 
63 	 195 	 0.883883 
63 	 203 	 0.883883 
63 	 206 	 0.883883 
63 	 207 	 0.883883 
63 	 238 	 0.883883 
63 	 241 	 0.883883 
63 	 243 	 0.883883 
63 	 250 	 0.883883 
63 	 251 	 0.883883 
63 	 253 	 0.883883 
63 	 254 	 0.883883 
63 	 255 	 0.883883 
64 	 0 	 0.883883 
64 	 1 	 0.883883 
64 	 4 	 0.883883 
64 	 5 	 0.883883 
64 	 65 	 0.883883 
64 	 66 	 0.883883 
64 	 69 	 0.883883 
64 	 77 	 0.883883 
64 	 209 	 0.883883 
64 	 210 	 0.883883 
64 	 213 	 0.883883 
64 	 221 	 0.883883 
65 	 0 	 0.883883 
65 	 1 	 0.883883 
65 	 16 	 0.883883 
65 	 17 	 0.883883 
65 	 64 	 0.883883 
65 	 66 	 0.883883 
65 	 69 	 0.883883 
65 	 100 	 0.883883 
65 	 102 	 0.883883 
65 	 105 	 0.883883 
65 	 112 	 0.883883 
65 	 148 	 0.883883 
66 	 0 	 0.883883 
66 	 4 	 0.883883 
66 	 16 	 0.883883 
66 	 20 	 0.883883 
66 	 64 	 0.883883 
66 	 65 	 0.883883 
66 	 73 	 0.883883 
66 	 74 	 0.883883 
66 	 77 	 0.883883 
66 	 86 	 0.883883 
66 	 112 	 0.883883 
66 	 121 	 0.883883 
67 	 1 	 0.883883 
67 	 2 	 0.883883 
67 	 5 	 0.883883 
67 	 6 	 0.883883 
67 	 68 	 0.883883 
67 	 69 	 0.883883 
67 	 72 	 0.883883 
67 	 80 	 0.883883 
67 	 212 	 0.883883 
67 	 213 	 0.883883 
67 	 216 	 0.883883 
67 	 224 	 0.883883 
68 	 1 	 0.883883 
68 	 2 	 0.883883 
68 	 17 	 0.883883 
68 	 18 	 0.883883 
68 	 67 	 0.883883 
68 	 69 	 0.883883 
68 	 72 	 0.883883 
68 	 103 	 0.883883 
68 	 105 	 0.883883 
68 	 108 	 0.883883 
68 	 115 	 0.883883 
68 	 151 	 0.883883 
69 	 1 	 0.883883 
69 	 5 	 0.883883 
69 	 17 	 0.883883 
69 	 21 	 0.883883 
69 	 64 	 0.883883 
69 	 65 	 0.883883 
69 	 67 	 0.883883 
69 	 68 	 0.883883 
69 	 77 	 0.883883 
69 	 80 	 0.883883 
69 	 112 	 0.883883 
69 	 115 	 0.883883 
70 	 2 	 0.883883 
70 	 3 	 0.883883 
70 	 6 	 0.883883 
70 	 7 	 0.883883 
70 	 71 	 0.883883 
70 	 72 	 0.883883 
70 	 75 	 0.883883 
70 	 83 	 0.883883 
70 	 215 	 0.883883 
70 	 216 	 0.883883 
70 	 219 	 0.883883 
70 	 227 	 0.883883 
71 	 2 	 0.883883 
71 	 3 	 0.883883 
71 	 18 	 0.883883 
71 	 19 	 0.883883 
71 	 70 	 0.883883 
71 	 72 	 0.883883 
71 	 75 	 0.883883 
71 	 106 	 0.883883 
71 	 108 	 0.883883 
71 	 111 	 0.883883 
71 	 118 	 0.883883 
71 	 154 	 0.883883 
72 	 2 	 0.883883 
72 	 6 	 0.883883 
72 	 18 	 0.883883 
72 	 22 	 0.883883 
72 	 67 	 0.883883 
72 	 68 	 0.883883 
72 	 70 	 0.883883 
72 	 71 	 0.883883 
72 	 80 	 0.883883 
72 	 83 	 0.883883 
72 	 115 	 0.883883 
72 	 118 	 0.883883 
73 	 0 	 0.883883 
73 	 3 	 0.883883 
73 	 4 	 0.883883 
73 	 7 	 0.883883 
73 	 66 	 0.883883 
73 	 74 	 0.883883 
73 	 75 	 0.883883 
73 	 86 	 0.883883 
73 	 210 	 0.883883 
73 	 218 	 0.883883 
73 	 219 	 0.883883 
73 	 230 	 0.883883 
74 	 0 	 0.883883 
74 	 3 	 0.883883 
74 	 16 	 0.883883 
74 	 19 	 0.883883 
74 	 66 	 0.883883 
74 	 73 	 0.883883 
74 	 75 	 0.883883 
74 	 102 	 0.883883 
74 	 109 	 0.883883 
74 	 111 	 0.883883 
74 	 121 	 0.883883 
74 	 157 	 0.883883 
75 	 3 	 0.883883 
75 	 7 	 0.883883 
75 	 19 	 0.883883 
75 	 23 	 0.883883 
75 	 70 	 0.883883 
75 	 71 	 0.883883 
75 	 73 	 0.883883 
75 	 74 	 0.883883 
75 	 83 	 0.883883 
75 	 86 	 0.883883 
75 	 118 	 0.883883 
75 	 121 	 0.883883 
76 	 4 	 0.883883 
76 	 5 	 0.883883 
76 	 8 	 0.883883 
76 	 9 	 0.883883 
76 	 77 	 0.883883 
76 	 78 	 0.883883 
76 	 81 	 0.883883 
76 	 89 	 0.883883 
76 	 221 	 0.883883 
76 	 222 	 0.883883 
76 	 225 	 0.883883 
76 	 233 	 0.883883 
77 	 4 	 0.883883 
77 	 5 	 0.883883 
77 	 20 	 0.883883 
77 	 21 	 0.883883 
77 	 64 	 0.883883 
77 	 66 	 0.883883 
77 	 69 	 0.883883 
77 	 76 	 0.883883 
77 	 78 	 0.883883 
77 	 81 	 0.883883 
77 	 112 	 0.883883 
77 	 124 	 0.883883 
78 	 4 	 0.883883 
78 	 8 	 0.883883 
78 	 20 	 0.883883 
78 	 24 	 0.883883 
78 	 76 	 0.883883 
78 	 77 	 0.883883 
78 	 85 	 0.883883 
78 	 86 	 0.883883 
78 	 89 	 0.883883 
78 	 98 	 0.883883 
78 	 124 	 0.883883 
78 	 133 	 0.883883 
79 	 5 	 0.883883 
79 	 6 	 0.883883 
79 	 9 	 0.883883 
79 	 10 	 0.883883 
79 	 80 	 0.883883 
79 	 81 	 0.883883 
79 	 84 	 0.883883 
79 	 92 	 0.883883 
79 	 224 	 0.883883 
79 	 225 	 0.883883 
79 	 228 	 0.883883 
79 	 236 	 0.883883 
80 	 5 	 0.883883 
80 	 6 	 0.883883 
80 	 21 	 0.883883 
80 	 22 	 0.883883 
80 	 67 	 0.883883 
80 	 69 	 0.883883 
80 	 72 	 0.883883 
80 	 79 	 0.883883 
80 	 81 	 0.883883 
80 	 84 	 0.883883 
80 	 115 	 0.883883 
80 	 127 	 0.883883 
81 	 5 	 0.883883 
81 	 9 	 0.883883 
81 	 21 	 0.883883 
81 	 25 	 0.883883 
81 	 76 	 0.883883 
81 	 77 	 0.883883 
81 	 79 	 0.883883 
81 	 80 	 0.883883 
81 	 89 	 0.883883 
81 	 92 	 0.883883 
81 	 124 	 0.883883 
81 	 127 	 0.883883 
82 	 6 	 0.883883 
82 	 7 	 0.883883 
82 	 10 	 0.883883 
82 	 11 	 0.883883 
82 	 83 	 0.883883 
82 	 84 	 0.883883 
82 	 87 	 0.883883 
82 	 95 	 0.883883 
82 	 227 	 0.883883 
82 	 228 	 0.883883 
82 	 231 	 0.883883 
82 	 239 	 0.883883 
83 	 6 	 0.883883 
83 	 7 	 0.883883 
83 	 22 	 0.883883 
83 	 23 	 0.883883 
83 	 70 	 0.883883 
83 	 72 	 0.883883 
83 	 75 	 0.883883 
83 	 82 	 0.883883 
83 	 84 	 0.883883 
83 	 87 	 0.883883 
83 	 118 	 0.883883 
83 	 130 	 0.883883 
84 	 6 	 0.883883 
84 	 10 	 0.883883 
84 	 22 	 0.883883 
84 	 26 	 0.883883 
84 	 79 	 0.883883 
84 	 80 	 0.883883 
84 	 82 	 0.883883 
84 	 83 	 0.883883 
84 	 92 	 0.883883 
84 	 95 	 0.883883 
84 	 127 	 0.883883 
84 	 130 	 0.883883 
85 	 4 	 0.883883 
85 	 7 	 0.883883 
85 	 8 	 0.883883 
85 	 11 	 0.883883 
85 	 78 	 0.883883 
85 	 86 	 0.883883 
85 	 87 	 0.883883 
85 	 98 	 0.883883 
85 	 222 	 0.883883 
85 	 230 	 0.883883 
85 	 231 	 0.883883 
85 	 242 	 0.883883 
86 	 4 	 0.883883 
86 	 7 	 0.883883 
86 	 20 	 0.883883 
86 	 23 	 0.883883 
86 	 66 	 0.883883 
86 	 73 	 0.883883 
86 	 75 	 0.883883 
86 	 78 	 0.883883 
86 	 85 	 0.883883 
86 	 87 	 0.883883 
86 	 121 	 0.883883 
86 	 133 	 0.883883 
87 	 7 	 0.883883 
87 	 11 	 0.883883 
87 	 23 	 0.883883 
87 	 27 	 0.883883 
87 	 82 	 0.883883 
87 	 83 	 0.883883 
87 	 85 	 0.883883 
87 	 86 	 0.883883 
87 	 95 	 0.883883 
87 	 98 	 0.883883 
87 	 130 	 0.883883 
87 	 133 	 0.883883 
88 	 8 	 0.883883 
88 	 9 	 0.883883 
88 	 12 	 0.883883 
88 	 13 	 0.883883 
88 	 89 	 0.883883 
88 	 90 	 0.883883 
88 	 93 	 0.883883 
88 	 101 	 0.883883 
88 	 233 	 0.883883 
88 	 234 	 0.883883 
88 	 237 	 0.883883 
88 	 245 	 0.883883 
89 	 8 	 0.883883 
89 	 9 	 0.883883 
89 	 24 	 0.883883 
89 	 25 	 0.883883 
89 	 76 	 0.883883 
89 	 78 	 0.883883 
89 	 81 	 0.883883 
89 	 88 	 0.883883 
89 	 90 	 0.883883 
89 	 93 	 0.883883 
89 	 124 	 0.883883 
89 	 136 	 0.883883 
90 	 8 	 0.883883 
90 	 12 	 0.883883 
90 	 24 	 0.883883 
90 	 28 	 0.883883 
90 	 88 	 0.883883 
90 	 89 	 0.883883 
90 	 97 	 0.883883 
90 	 98 	 0.883883 
90 	 101 	 0.883883 
90 	 110 	 0.883883 
90 	 136 	 0.883883 
90 	 145 	 0.883883 
91 	 9 	 0.883883 
91 	 10 	 0.883883 
91 	 13 	 0.883883 
91 	 14 	 0.883883 
91 	 92 	 0.883883 
91 	 93 	 0.883883 
91 	 96 	 0.883883 
91 	 104 	 0.883883 
91 	 236 	 0.883883 
91 	 237 	 0.883883 
91 	 240 	 0.883883 
91 	 248 	 0.883883 
92 	 9 	 0.883883 
92 	 10 	 0.883883 
92 	 25 	 0.883883 
92 	 26 	 0.883883 
92 	 79 	 0.883883 
92 	 81 	 0.883883 
92 	 84 	 0.883883 
92 	 91 	 0.883883 
92 	 93 	 0.883883 
92 	 96 	 0.883883 
92 	 127 	 0.883883 
92 	 139 	 0.883883 
93 	 9 	 0.883883 
93 	 13 	 0.883883 
93 	 25 	 0.883883 
93 	 29 	 0.883883 
93 	 88 	 0.883883 
93 	 89 	 0.883883 
93 	 91 	 0.883883 
93 	 92 	 0.883883 
93 	 101 	 0.883883 
93 	 104 	 0.883883 
93 	 136 	 0.883883 
93 	 139 	 0.883883 
94 	 10 	 0.883883 
94 	 11 	 0.883883 
94 	 14 	 0.883883 
94 	 15 	 0.883883 
94 	 95 	 0.883883 
94 	 96 	 0.883883 
94 	 99 	 0.883883 
94 	 107 	 0.883883 
94 	 239 	 0.883883 
94 	 240 	 0.883883 
94 	 243 	 0.883883 
94 	 251 	 0.883883 
95 	 10 	 0.883883 
95 	 11 	 0.883883 
95 	 26 	 0.883883 
95 	 27 	 0.883883 
95 	 82 	 0.883883 
95 	 84 	 0.883883 
95 	 87 	 0.883883 
95 	 94 	 0.883883 
95 	 96 	 0.883883 
95 	 99 	 0.883883 
95 	 130 	 0.883883 
95 	 142 	 0.883883 
96 	 10 	 0.883883 
96 	 14 	 0.883883 
96 	 26 	 0.883883 
96 	 30 	 0.883883 
96 	 91 	 0.883883 
96 	 92 	 0.883883 
96 	 94 	 0.883883 
96 	 95 	 0.883883 
96 	 104 	 0.883883 
96 	 107 	 0.883883 
96 	 139 	 0.883883 
96 	 142 	 0.883883 
97 	 8 	 0.883883 
97 	 11 	 0.883883 
97 	 12 	 0.883883 
97 	 15 	 0.883883 
97 	 90 	 0.883883 
97 	 98 	 0.883883 
97 	 99 	 0.883883 
97 	 110 	 0.883883 
97 	 234 	 0.883883 
97 	 242 	 0.883883 
97 	 243 	 0.883883 
97 	 254 	 0.883883 
98 	 8 	 0.883883 
98 	 11 	 0.883883 
98 	 24 	 0.883883 
98 	 27 	 0.883883 
98 	 78 	 0.883883 
98 	 85 	 0.883883 
98 	 87 	 0.883883 
98 	 90 	 0.883883 
98 	 97 	 0.883883 
98 	 99 	 0.883883 
98 	 133 	 0.883883 
98 	 145 	 0.883883 
99 	 11 	 0.883883 
99 	 15 	 0.883883 
99 	 27 	 0.883883 
99 	 31 	 0.883883 
99 	 94 	 0.883883 
99 	 95 	 0.883883 
99 	 97 	 0.883883 
99 	 98 	 0.883883 
99 	 107 	 0.883883 
99 	 110 	 0.883883 
99 	 142 	 0.883883 
99 	 145 	 0.883883 
100 	 0 	 0.883883 
100 	 1 	 0.883883 
100 	 12 	 0.883883 
100 	 13 	 0.883883 
100 	 65 	 0.883883 
100 	 101 	 0.883883 
100 	 102 	 0.883883 
100 	 105 	 0.883883 
100 	 209 	 0.883883 
100 	 245 	 0.883883 
100 	 246 	 0.883883 
100 	 249 	 0.883883 
101 	 12 	 0.883883 
101 	 13 	 0.883883 
101 	 28 	 0.883883 
101 	 29 	 0.883883 
101 	 88 	 0.883883 
101 	 90 	 0.883883 
101 	 93 	 0.883883 
101 	 100 	 0.883883 
101 	 102 	 0.883883 
101 	 105 	 0.883883 
101 	 136 	 0.883883 
101 	 148 	 0.883883 
102 	 0 	 0.883883 
102 	 12 	 0.883883 
102 	 16 	 0.883883 
102 	 28 	 0.883883 
102 	 65 	 0.883883 
102 	 74 	 0.883883 
102 	 100 	 0.883883 
102 	 101 	 0.883883 
102 	 109 	 0.883883 
102 	 110 	 0.883883 
102 	 148 	 0.883883 
102 	 157 	 0.883883 
103 	 1 	 0.883883 
103 	 2 	 0.883883 
103 	 13 	 0.883883 
103 	 14 	 0.883883 
103 	 68 	 0.883883 
103 	 104 	 0.883883 
103 	 105 	 0.883883 
103 	 108 	 0.883883 
103 	 212 	 0.883883 
103 	 248 	 0.883883 
103 	 249 	 0.883883 
103 	 252 	 0.883883 
104 	 13 	 0.883883 
104 	 14 	 0.883883 
104 	 29 	 0.883883 
104 	 30 	 0.883883 
104 	 91 	 0.883883 
104 	 93 	 0.883883 
104 	 96 	 0.883883 
104 	 103 	 0.883883 
104 	 105 	 0.883883 
104 	 108 	 0.883883 
104 	 139 	 0.883883 
104 	 151 	 0.883883 
105 	 1 	 0.883883 
105 	 13 	 0.883883 
105 	 17 	 0.883883 
105 	 29 	 0.883883 
105 	 65 	 0.883883 
105 	 68 	 0.883883 
105 	 100 	 0.883883 
105 	 101 	 0.883883 
105 	 103 	 0.883883 
105 	 104 	 0.883883 
105 	 148 	 0.883883 
105 	 151 	 0.883883 
106 	 2 	 0.883883 
106 	 3 	 0.883883 
106 	 14 	 0.883883 
106 	 15 	 0.883883 
106 	 71 	 0.883883 
106 	 107 	 0.883883 
106 	 108 	 0.883883 
106 	 111 	 0.883883 
106 	 215 	 0.883883 
106 	 251 	 0.883883 
106 	 252 	 0.883883 
106 	 255 	 0.883883 
107 	 14 	 0.883883 
107 	 15 	 0.883883 
107 	 30 	 0.883883 
107 	 31 	 0.883883 
107 	 94 	 0.883883 
107 	 96 	 0.883883 
107 	 99 	 0.883883 
107 	 106 	 0.883883 
107 	 108 	 0.883883 
107 	 111 	 0.883883 
107 	 142 	 0.883883 
107 	 154 	 0.883883 
108 	 2 	 0.883883 
108 	 14 	 0.883883 
108 	 18 	 0.883883 
108 	 30 	 0.883883 
108 	 68 	 0.883883 
108 	 71 	 0.883883 
108 	 103 	 0.883883 
108 	 104 	 0.883883 
108 	 106 	 0.883883 
108 	 107 	 0.883883 
108 	 151 	 0.883883 
108 	 154 	 0.883883 
109 	 0 	 0.883883 
109 	 3 	 0.883883 
109 	 12 	 0.883883 
109 	 15 	 0.883883 
109 	 74 	 0.883883 
109 	 102 	 0.883883 
109 	 110 	 0.883883 
109 	 111 	 0.883883 
109 	 218 	 0.883883 
109 	 246 	 0.883883 
109 	 254 	 0.883883 
109 	 255 	 0.883883 
110 	 12 	 0.883883 
110 	 15 	 0.883883 
110 	 28 	 0.883883 
110 	 31 	 0.883883 
110 	 90 	 0.883883 
110 	 97 	 0.883883 
110 	 99 	 0.883883 
110 	 102 	 0.883883 
110 	 109 	 0.883883 
110 	 111 	 0.883883 
110 	 145 	 0.883883 
110 	 157 	 0.883883 
111 	 3 	 0.883883 
111 	 15 	 0.883883 
111 	 19 	 0.883883 
111 	 31 	 0.883883 
111 	 71 	 0.883883 
111 	 74 	 0.883883 
111 	 106 	 0.883883 
111 	 107 	 0.883883 
111 	 109 	 0.883883 
111 	 110 	 0.883883 
111 	 154 	 0.883883 
111 	 157 	 0.883883 
112 	 16 	 0.883883 
112 	 17 	 0.883883 
112 	 20 	 0.883883 
112 	 21 	 0.883883 
112 	 65 	 0.883883 
112 	 66 	 0.883883 
112 	 69 	 0.883883 
112 	 77 	 0.883883 
112 	 113 	 0.883883 
112 	 114 	 0.883883 
112 	 117 	 0.883883 
112 	 125 	 0.883883 
113 	 16 	 0.883883 
113 	 17 	 0.883883 
113 	 32 	 0.883883 
113 	 33 	 0.883883 
113 	 112 	 0.883883 
113 	 114 	 0.883883 
113 	 117 	 0.883883 
113 	 148 	 0.883883 
113 	 150 	 0.883883 
113 	 153 	 0.883883 
113 	 160 	 0.883883 
113 	 196 	 0.883883 
114 	 16 	 0.883883 
114 	 20 	 0.883883 
114 	 32 	 0.883883 
114 	 36 	 0.883883 
114 	 112 	 0.883883 
114 	 113 	 0.883883 
114 	 121 	 0.883883 
114 	 122 	 0.883883 
114 	 125 	 0.883883 
114 	 134 	 0.883883 
114 	 160 	 0.883883 
114 	 169 	 0.883883 
115 	 17 	 0.883883 
115 	 18 	 0.883883 
115 	 21 	 0.883883 
115 	 22 	 0.883883 
115 	 68 	 0.883883 
115 	 69 	 0.883883 
115 	 72 	 0.883883 
115 	 80 	 0.883883 
115 	 116 	 0.883883 
115 	 117 	 0.883883 
115 	 120 	 0.883883 
115 	 128 	 0.883883 
116 	 17 	 0.883883 
116 	 18 	 0.883883 
116 	 33 	 0.883883 
116 	 34 	 0.883883 
116 	 115 	 0.883883 
116 	 117 	 0.883883 
116 	 120 	 0.883883 
116 	 151 	 0.883883 
116 	 153 	 0.883883 
116 	 156 	 0.883883 
116 	 163 	 0.883883 
116 	 199 	 0.883883 
117 	 17 	 0.883883 
117 	 21 	 0.883883 
117 	 33 	 0.883883 
117 	 37 	 0.883883 
117 	 112 	 0.883883 
117 	 113 	 0.883883 
117 	 115 	 0.883883 
117 	 116 	 0.883883 
117 	 125 	 0.883883 
117 	 128 	 0.883883 
117 	 160 	 0.883883 
117 	 163 	 0.883883 
118 	 18 	 0.883883 
118 	 19 	 0.883883 
118 	 22 	 0.883883 
118 	 23 	 0.883883 
118 	 71 	 0.883883 
118 	 72 	 0.883883 
118 	 75 	 0.883883 
118 	 83 	 0.883883 
118 	 119 	 0.883883 
118 	 120 	 0.883883 
118 	 123 	 0.883883 
118 	 131 	 0.883883 
119 	 18 	 0.883883 
119 	 19 	 0.883883 
119 	 34 	 0.883883 
119 	 35 	 0.883883 
119 	 118 	 0.883883 
119 	 120 	 0.883883 
119 	 123 	 0.883883 
119 	 154 	 0.883883 
119 	 156 	 0.883883 
119 	 159 	 0.883883 
119 	 166 	 0.883883 
119 	 202 	 0.883883 
120 	 18 	 0.883883 
120 	 22 	 0.883883 
120 	 34 	 0.883883 
120 	 38 	 0.883883 
120 	 115 	 0.883883 
120 	 116 	 0.883883 
120 	 118 	 0.883883 
120 	 119 	 0.883883 
120 	 128 	 0.883883 
120 	 131 	 0.883883 
120 	 163 	 0.883883 
120 	 166 	 0.883883 
121 	 16 	 0.883883 
121 	 19 	 0.883883 
121 	 20 	 0.883883 
121 	 23 	 0.883883 
121 	 66 	 0.883883 
121 	 74 	 0.883883 
121 	 75 	 0.883883 
121 	 86 	 0.883883 
121 	 114 	 0.883883 
121 	 122 	 0.883883 
121 	 123 	 0.883883 
121 	 134 	 0.883883 
122 	 16 	 0.883883 
122 	 19 	 0.883883 
122 	 32 	 0.883883 
122 	 35 	 0.883883 
122 	 114 	 0.883883 
122 	 121 	 0.883883 
122 	 123 	 0.883883 
122 	 150 	 0.883883 
122 	 157 	 0.883883 
122 	 159 	 0.883883 
122 	 169 	 0.883883 
122 	 205 	 0.883883 
123 	 19 	 0.883883 
123 	 23 	 0.883883 
123 	 35 	 0.883883 
123 	 39 	 0.883883 
123 	 118 	 0.883883 
123 	 119 	 0.883883 
123 	 121 	 0.883883 
123 	 122 	 0.883883 
123 	 131 	 0.883883 
123 	 134 	 0.883883 
123 	 166 	 0.883883 
123 	 169 	 0.883883 
124 	 20 	 0.883883 
124 	 21 	 0.883883 
124 	 24 	 0.883883 
124 	 25 	 0.883883 
124 	 77 	 0.883883 
124 	 78 	 0.883883 
124 	 81 	 0.883883 
124 	 89 	 0.883883 
124 	 125 	 0.883883 
124 	 126 	 0.883883 
124 	 129 	 0.883883 
124 	 137 	 0.883883 
125 	 20 	 0.883883 
125 	 21 	 0.883883 
125 	 36 	 0.883883 
125 	 37 	 0.883883 
125 	 112 	 0.883883 
125 	 114 	 0.883883 
125 	 117 	 0.883883 
125 	 124 	 0.883883 
125 	 126 	 0.883883 
125 	 129 	 0.883883 
125 	 160 	 0.883883 
125 	 172 	 0.883883 
126 	 20 	 0.883883 
126 	 24 	 0.883883 
126 	 36 	 0.883883 
126 	 40 	 0.883883 
126 	 124 	 0.883883 
126 	 125 	 0.883883 
126 	 133 	 0.883883 
126 	 134 	 0.883883 
126 	 137 	 0.883883 
126 	 146 	 0.883883 
126 	 172 	 0.883883 
126 	 181 	 0.883883 
127 	 21 	 0.883883 
127 	 22 	 0.883883 
127 	 25 	 0.883883 
127 	 26 	 0.883883 
127 	 80 	 0.883883 
127 	 81 	 0.883883 
127 	 84 	 0.883883 
127 	 92 	 0.883883 
127 	 128 	 0.883883 
127 	 129 	 0.883883 
127 	 132 	 0.883883 
127 	 140 	 0.883883 
128 	 21 	 0.883883 
128 	 22 	 0.883883 
128 	 37 	 0.883883 
128 	 38 	 0.883883 
128 	 115 	 0.883883 
128 	 117 	 0.883883 
128 	 120 	 0.883883 
128 	 127 	 0.883883 
128 	 129 	 0.883883 
128 	 132 	 0.883883 
128 	 163 	 0.883883 
128 	 175 	 0.883883 
129 	 21 	 0.883883 
129 	 25 	 0.883883 
129 	 37 	 0.883883 
129 	 41 	 0.883883 
129 	 124 	 0.883883 
129 	 125 	 0.883883 
129 	 127 	 0.883883 
129 	 128 	 0.883883 
129 	 137 	 0.883883 
129 	 140 	 0.883883 
129 	 172 	 0.883883 
129 	 175 	 0.883883 
130 	 22 	 0.883883 
130 	 23 	 0.883883 
130 	 26 	 0.883883 
130 	 27 	 0.883883 
130 	 83 	 0.883883 
130 	 84 	 0.883883 
130 	 87 	 0.883883 
130 	 95 	 0.883883 
130 	 131 	 0.883883 
130 	 132 	 0.883883 
130 	 135 	 0.883883 
130 	 143 	 0.883883 
131 	 22 	 0.883883 
131 	 23 	 0.883883 
131 	 38 	 0.883883 
131 	 39 	 0.883883 
131 	 118 	 0.883883 
131 	 120 	 0.883883 
131 	 123 	 0.883883 
131 	 130 	 0.883883 
131 	 132 	 0.883883 
131 	 135 	 0.883883 
131 	 166 	 0.883883 
131 	 178 	 0.883883 
132 	 22 	 0.883883 
132 	 26 	 0.883883 
132 	 38 	 0.883883 
132 	 42 	 0.883883 
132 	 127 	 0.883883 
132 	 128 	 0.883883 
132 	 130 	 0.883883 
132 	 131 	 0.883883 
132 	 140 	 0.883883 
132 	 143 	 0.883883 
132 	 175 	 0.883883 
132 	 178 	 0.883883 
133 	 20 	 0.883883 
133 	 23 	 0.883883 
133 	 24 	 0.883883 
133 	 27 	 0.883883 
133 	 78 	 0.883883 
133 	 86 	 0.883883 
133 	 87 	 0.883883 
133 	 98 	 0.883883 
133 	 126 	 0.883883 
133 	 134 	 0.883883 
133 	 135 	 0.883883 
133 	 146 	 0.883883 
134 	 20 	 0.883883 
134 	 23 	 0.883883 
134 	 36 	 0.883883 
134 	 39 	 0.883883 
134 	 114 	 0.883883 
134 	 121 	 0.883883 
134 	 123 	 0.883883 
134 	 126 	 0.883883 
134 	 133 	 0.883883 
134 	 135 	 0.883883 
134 	 169 	 0.883883 
134 	 181 	 0.883883 
135 	 23 	 0.883883 
135 	 27 	 0.883883 
135 	 39 	 0.883883 
135 	 43 	 0.883883 
135 	 130 	 0.883883 
135 	 131 	 0.883883 
135 	 133 	 0.883883 
135 	 134 	 0.883883 
135 	 143 	 0.883883 
135 	 146 	 0.883883 
135 	 178 	 0.883883 
135 	 181 	 0.883883 
136 	 24 	 0.883883 
136 	 25 	 0.883883 
136 	 28 	 0.883883 
136 	 29 	 0.883883 
136 	 89 	 0.883883 
136 	 90 	 0.883883 
136 	 93 	 0.883883 
136 	 101 	 0.883883 
136 	 137 	 0.883883 
136 	 138 	 0.883883 
136 	 141 	 0.883883 
136 	 149 	 0.883883 
137 	 24 	 0.883883 
137 	 25 	 0.883883 
137 	 40 	 0.883883 
137 	 41 	 0.883883 
137 	 124 	 0.883883 
137 	 126 	 0.883883 
137 	 129 	 0.883883 
137 	 136 	 0.883883 
137 	 138 	 0.883883 
137 	 141 	 0.883883 
137 	 172 	 0.883883 
137 	 184 	 0.883883 
138 	 24 	 0.883883 
138 	 28 	 0.883883 
138 	 40 	 0.883883 
138 	 44 	 0.883883 
138 	 136 	 0.883883 
138 	 137 	 0.883883 
138 	 145 	 0.883883 
138 	 146 	 0.883883 
138 	 149 	 0.883883 
138 	 158 	 0.883883 
138 	 184 	 0.883883 
138 	 193 	 0.883883 
139 	 25 	 0.883883 
139 	 26 	 0.883883 
139 	 29 	 0.883883 
139 	 30 	 0.883883 
139 	 92 	 0.883883 
139 	 93 	 0.883883 
139 	 96 	 0.883883 
139 	 104 	 0.883883 
139 	 140 	 0.883883 
139 	 141 	 0.883883 
139 	 144 	 0.883883 
139 	 152 	 0.883883 
140 	 25 	 0.883883 
140 	 26 	 0.883883 
140 	 41 	 0.883883 
140 	 42 	 0.883883 
140 	 127 	 0.883883 
140 	 129 	 0.883883 
140 	 132 	 0.883883 
140 	 139 	 0.883883 
140 	 141 	 0.883883 
140 	 144 	 0.883883 
140 	 175 	 0.883883 
140 	 187 	 0.883883 
141 	 25 	 0.883883 
141 	 29 	 0.883883 
141 	 41 	 0.883883 
141 	 45 	 0.883883 
141 	 136 	 0.883883 
141 	 137 	 0.883883 
141 	 139 	 0.883883 
141 	 140 	 0.883883 
141 	 149 	 0.883883 
141 	 152 	 0.883883 
141 	 184 	 0.883883 
141 	 187 	 0.883883 
142 	 26 	 0.883883 
142 	 27 	 0.883883 
142 	 30 	 0.883883 
142 	 31 	 0.883883 
142 	 95 	 0.883883 
142 	 96 	 0.883883 
142 	 99 	 0.883883 
142 	 107 	 0.883883 
142 	 143 	 0.883883 
142 	 144 	 0.883883 
142 	 147 	 0.883883 
142 	 155 	 0.883883 
143 	 26 	 0.883883 
143 	 27 	 0.883883 
143 	 42 	 0.883883 
143 	 43 	 0.883883 
143 	 130 	 0.883883 
143 	 132 	 0.883883 
143 	 135 	 0.883883 
143 	 142 	 0.883883 
143 	 144 	 0.883883 
143 	 147 	 0.883883 
143 	 178 	 0.883883 
143 	 190 	 0.883883 
144 	 26 	 0.883883 
144 	 30 	 0.883883 
144 	 42 	 0.883883 
144 	 46 	 0.883883 
144 	 139 	 0.883883 
144 	 140 	 0.883883 
144 	 142 	 0.883883 
144 	 143 	 0.883883 
144 	 152 	 0.883883 
144 	 155 	 0.883883 
144 	 187 	 0.883883 
144 	 190 	 0.883883 
145 	 24 	 0.883883 
145 	 27 	 0.883883 
145 	 28 	 0.883883 
145 	 31 	 0.883883 
145 	 90 	 0.883883 
145 	 98 	 0.883883 
145 	 99 	 0.883883 
145 	 110 	 0.883883 
145 	 138 	 0.883883 
145 	 146 	 0.883883 
145 	 147 	 0.883883 
145 	 158 	 0.883883 
146 	 24 	 0.883883 
146 	 27 	 0.883883 
146 	 40 	 0.883883 
146 	 43 	 0.883883 
146 	 126 	 0.883883 
146 	 133 	 0.883883 
146 	 135 	 0.883883 
146 	 138 	 0.883883 
146 	 145 	 0.883883 
146 	 147 	 0.883883 
146 	 181 	 0.883883 
146 	 193 	 0.883883 
147 	 27 	 0.883883 
147 	 31 	 0.883883 
147 	 43 	 0.883883 
147 	 47 	 0.883883 
147 	 142 	 0.883883 
147 	 143 	 0.883883 
147 	 145 	 0.883883 
147 	 146 	 0.883883 
147 	 155 	 0.883883 
147 	 158 	 0.883883 
147 	 190 	 0.883883 
147 	 193 	 0.883883 
148 	 16 	 0.883883 
148 	 17 	 0.883883 
148 	 28 	 0.883883 
148 	 29 	 0.883883 
148 	 65 	 0.883883 
148 	 101 	 0.883883 
148 	 102 	 0.883883 
148 	 105 	 0.883883 
148 	 113 	 0.883883 
148 	 149 	 0.883883 
148 	 150 	 0.883883 
148 	 153 	 0.883883 
149 	 28 	 0.883883 
149 	 29 	 0.883883 
149 	 44 	 0.883883 
149 	 45 	 0.883883 
149 	 136 	 0.883883 
149 	 138 	 0.883883 
149 	 141 	 0.883883 
149 	 148 	 0.883883 
149 	 150 	 0.883883 
149 	 153 	 0.883883 
149 	 184 	 0.883883 
149 	 196 	 0.883883 
150 	 16 	 0.883883 
150 	 28 	 0.883883 
150 	 32 	 0.883883 
150 	 44 	 0.883883 
150 	 113 	 0.883883 
150 	 122 	 0.883883 
150 	 148 	 0.883883 
150 	 149 	 0.883883 
150 	 157 	 0.883883 
150 	 158 	 0.883883 
150 	 196 	 0.883883 
150 	 205 	 0.883883 
151 	 17 	 0.883883 
151 	 18 	 0.883883 
151 	 29 	 0.883883 
151 	 30 	 0.883883 
151 	 68 	 0.883883 
151 	 104 	 0.883883 
151 	 105 	 0.883883 
151 	 108 	 0.883883 
151 	 116 	 0.883883 
151 	 152 	 0.883883 
151 	 153 	 0.883883 
151 	 156 	 0.883883 
152 	 29 	 0.883883 
152 	 30 	 0.883883 
152 	 45 	 0.883883 
152 	 46 	 0.883883 
152 	 139 	 0.883883 
152 	 141 	 0.883883 
152 	 144 	 0.883883 
152 	 151 	 0.883883 
152 	 153 	 0.883883 
152 	 156 	 0.883883 
152 	 187 	 0.883883 
152 	 199 	 0.883883 
153 	 17 	 0.883883 
153 	 29 	 0.883883 
153 	 33 	 0.883883 
153 	 45 	 0.883883 
153 	 113 	 0.883883 
153 	 116 	 0.883883 
153 	 148 	 0.883883 
153 	 149 	 0.883883 
153 	 151 	 0.883883 
153 	 152 	 0.883883 
153 	 196 	 0.883883 
153 	 199 	 0.883883 
154 	 18 	 0.883883 
154 	 19 	 0.883883 
154 	 30 	 0.883883 
154 	 31 	 0.883883 
154 	 71 	 0.883883 
154 	 107 	 0.883883 
154 	 108 	 0.883883 
154 	 111 	 0.883883 
154 	 119 	 0.883883 
154 	 155 	 0.883883 
154 	 156 	 0.883883 
154 	 159 	 0.883883 
155 	 30 	 0.883883 
155 	 31 	 0.883883 
155 	 46 	 0.883883 
155 	 47 	 0.883883 
155 	 142 	 0.883883 
155 	 144 	 0.883883 
155 	 147 	 0.883883 
155 	 154 	 0.883883 
155 	 156 	 0.883883 
155 	 159 	 0.883883 
155 	 190 	 0.883883 
155 	 202 	 0.883883 
156 	 18 	 0.883883 
156 	 30 	 0.883883 
156 	 34 	 0.883883 
156 	 46 	 0.883883 
156 	 116 	 0.883883 
156 	 119 	 0.883883 
156 	 151 	 0.883883 
156 	 152 	 0.883883 
156 	 154 	 0.883883 
156 	 155 	 0.883883 
156 	 199 	 0.883883 
156 	 202 	 0.883883 
157 	 16 	 0.883883 
157 	 19 	 0.883883 
157 	 28 	 0.883883 
157 	 31 	 0.883883 
157 	 74 	 0.883883 
157 	 102 	 0.883883 
157 	 110 	 0.883883 
157 	 111 	 0.883883 
157 	 122 	 0.883883 
157 	 150 	 0.883883 
157 	 158 	 0.883883 
157 	 159 	 0.883883 
158 	 28 	 0.883883 
158 	 31 	 0.883883 
158 	 44 	 0.883883 
158 	 47 	 0.883883 
158 	 138 	 0.883883 
158 	 145 	 0.883883 
158 	 147 	 0.883883 
158 	 150 	 0.883883 
158 	 157 	 0.883883 
158 	 159 	 0.883883 
158 	 193 	 0.883883 
158 	 205 	 0.883883 
159 	 19 	 0.883883 
159 	 31 	 0.883883 
159 	 35 	 0.883883 
159 	 47 	 0.883883 
159 	 119 	 0.883883 
159 	 122 	 0.883883 
159 	 154 	 0.883883 
159 	 155 	 0.883883 
159 	 157 	 0.883883 
159 	 158 	 0.883883 
159 	 202 	 0.883883 
159 	 205 	 0.883883 
160 	 32 	 0.883883 
160 	 33 	 0.883883 
160 	 36 	 0.883883 
160 	 37 	 0.883883 
160 	 113 	 0.883883 
160 	 114 	 0.883883 
160 	 117 	 0.883883 
160 	 125 	 0.883883 
160 	 161 	 0.883883 
160 	 162 	 0.883883 
160 	 165 	 0.883883 
160 	 173 	 0.883883 
161 	 32 	 0.883883 
161 	 33 	 0.883883 
161 	 48 	 0.883883 
161 	 49 	 0.883883 
161 	 160 	 0.883883 
161 	 162 	 0.883883 
161 	 165 	 0.883883 
161 	 196 	 0.883883 
161 	 198 	 0.883883 
161 	 201 	 0.883883 
161 	 208 	 0.883883 
161 	 244 	 0.883883 
162 	 32 	 0.883883 
162 	 36 	 0.883883 
162 	 48 	 0.883883 
162 	 52 	 0.883883 
162 	 160 	 0.883883 
162 	 161 	 0.883883 
162 	 169 	 0.883883 
162 	 170 	 0.883883 
162 	 173 	 0.883883 
162 	 182 	 0.883883 
162 	 208 	 0.883883 
162 	 217 	 0.883883 
163 	 33 	 0.883883 
163 	 34 	 0.883883 
163 	 37 	 0.883883 
163 	 38 	 0.883883 
163 	 116 	 0.883883 
163 	 117 	 0.883883 
163 	 120 	 0.883883 
163 	 128 	 0.883883 
163 	 164 	 0.883883 
163 	 165 	 0.883883 
163 	 168 	 0.883883 
163 	 176 	 0.883883 
164 	 33 	 0.883883 
164 	 34 	 0.883883 
164 	 49 	 0.883883 
164 	 50 	 0.883883 
164 	 163 	 0.883883 
164 	 165 	 0.883883 
164 	 168 	 0.883883 
164 	 199 	 0.883883 
164 	 201 	 0.883883 
164 	 204 	 0.883883 
164 	 211 	 0.883883 
164 	 247 	 0.883883 
165 	 33 	 0.883883 
165 	 37 	 0.883883 
165 	 49 	 0.883883 
165 	 53 	 0.883883 
165 	 160 	 0.883883 
165 	 161 	 0.883883 
165 	 163 	 0.883883 
165 	 164 	 0.883883 
165 	 173 	 0.883883 
165 	 176 	 0.883883 
165 	 208 	 0.883883 
165 	 211 	 0.883883 
166 	 34 	 0.883883 
166 	 35 	 0.883883 
166 	 38 	 0.883883 
166 	 39 	 0.883883 
166 	 119 	 0.883883 
166 	 120 	 0.883883 
166 	 123 	 0.883883 
166 	 131 	 0.883883 
166 	 167 	 0.883883 
166 	 168 	 0.883883 
166 	 171 	 0.883883 
166 	 179 	 0.883883 
167 	 34 	 0.883883 
167 	 35 	 0.883883 
167 	 50 	 0.883883 
167 	 51 	 0.883883 
167 	 166 	 0.883883 
167 	 168 	 0.883883 
167 	 171 	 0.883883 
167 	 202 	 0.883883 
167 	 204 	 0.883883 
167 	 207 	 0.883883 
167 	 214 	 0.883883 
167 	 250 	 0.883883 
168 	 34 	 0.883883 
168 	 38 	 0.883883 
168 	 50 	 0.883883 
168 	 54 	 0.883883 
168 	 163 	 0.883883 
168 	 164 	 0.883883 
168 	 166 	 0.883883 
168 	 167 	 0.883883 
168 	 176 	 0.883883 
168 	 179 	 0.883883 
168 	 211 	 0.883883 
168 	 214 	 0.883883 
169 	 32 	 0.883883 
169 	 35 	 0.883883 
169 	 36 	 0.883883 
169 	 39 	 0.883883 
169 	 114 	 0.883883 
169 	 122 	 0.883883 
169 	 123 	 0.883883 
169 	 134 	 0.883883 
169 	 162 	 0.883883 
169 	 170 	 0.883883 
169 	 171 	 0.883883 
169 	 182 	 0.883883 
170 	 32 	 0.883883 
170 	 35 	 0.883883 
170 	 48 	 0.883883 
170 	 51 	 0.883883 
170 	 162 	 0.883883 
170 	 169 	 0.883883 
170 	 171 	 0.883883 
170 	 198 	 0.883883 
170 	 205 	 0.883883 
170 	 207 	 0.883883 
170 	 217 	 0.883883 
170 	 253 	 0.883883 
171 	 35 	 0.883883 
171 	 39 	 0.883883 
171 	 51 	 0.883883 
171 	 55 	 0.883883 
171 	 166 	 0.883883 
171 	 167 	 0.883883 
171 	 169 	 0.883883 
171 	 170 	 0.883883 
171 	 179 	 0.883883 
171 	 182 	 0.883883 
171 	 214 	 0.883883 
171 	 217 	 0.883883 
172 	 36 	 0.883883 
172 	 37 	 0.883883 
172 	 40 	 0.883883 
172 	 41 	 0.883883 
172 	 125 	 0.883883 
172 	 126 	 0.883883 
172 	 129 	 0.883883 
172 	 137 	 0.883883 
172 	 173 	 0.883883 
172 	 174 	 0.883883 
172 	 177 	 0.883883 
172 	 185 	 0.883883 
173 	 36 	 0.883883 
173 	 37 	 0.883883 
173 	 52 	 0.883883 
173 	 53 	 0.883883 
173 	 160 	 0.883883 
173 	 162 	 0.883883 
173 	 165 	 0.883883 
173 	 172 	 0.883883 
173 	 174 	 0.883883 
173 	 177 	 0.883883 
173 	 208 	 0.883883 
173 	 220 	 0.883883 
174 	 36 	 0.883883 
174 	 40 	 0.883883 
174 	 52 	 0.883883 
174 	 56 	 0.883883 
174 	 172 	 0.883883 
174 	 173 	 0.883883 
174 	 181 	 0.883883 
174 	 182 	 0.883883 
174 	 185 	 0.883883 
174 	 194 	 0.883883 
174 	 220 	 0.883883 
174 	 229 	 0.883883 
175 	 37 	 0.883883 
175 	 38 	 0.883883 
175 	 41 	 0.883883 
175 	 42 	 0.883883 
175 	 128 	 0.883883 
175 	 129 	 0.883883 
175 	 132 	 0.883883 
175 	 140 	 0.883883 
175 	 176 	 0.883883 
175 	 177 	 0.883883 
175 	 180 	 0.883883 
175 	 188 	 0.883883 
176 	 37 	 0.883883 
176 	 38 	 0.883883 
176 	 53 	 0.883883 
176 	 54 	 0.883883 
176 	 163 	 0.883883 
176 	 165 	 0.883883 
176 	 168 	 0.883883 
176 	 175 	 0.883883 
176 	 177 	 0.883883 
176 	 180 	 0.883883 
176 	 211 	 0.883883 
176 	 223 	 0.883883 
177 	 37 	 0.883883 
177 	 41 	 0.883883 
177 	 53 	 0.883883 
177 	 57 	 0.883883 
177 	 172 	 0.883883 
177 	 173 	 0.883883 
177 	 175 	 0.883883 
177 	 176 	 0.883883 
177 	 185 	 0.883883 
177 	 188 	 0.883883 
177 	 220 	 0.883883 
177 	 223 	 0.883883 
178 	 38 	 0.883883 
178 	 39 	 0.883883 
178 	 42 	 0.883883 
178 	 43 	 0.883883 
178 	 131 	 0.883883 
178 	 132 	 0.883883 
178 	 135 	 0.883883 
178 	 143 	 0.883883 
178 	 179 	 0.883883 
178 	 180 	 0.883883 
178 	 183 	 0.883883 
178 	 191 	 0.883883 
179 	 38 	 0.883883 
179 	 39 	 0.883883 
179 	 54 	 0.883883 
179 	 55 	 0.883883 
179 	 166 	 0.883883 
179 	 168 	 0.883883 
179 	 171 	 0.883883 
179 	 178 	 0.883883 
179 	 180 	 0.883883 
179 	 183 	 0.883883 
179 	 214 	 0.883883 
179 	 226 	 0.883883 
180 	 38 	 0.883883 
180 	 42 	 0.883883 
180 	 54 	 0.883883 
180 	 58 	 0.883883 
180 	 175 	 0.883883 
180 	 176 	 0.883883 
180 	 178 	 0.883883 
180 	 179 	 0.883883 
180 	 188 	 0.883883 
180 	 191 	 0.883883 
180 	 223 	 0.883883 
180 	 226 	 0.883883 
181 	 36 	 0.883883 
181 	 39 	 0.883883 
181 	 40 	 0.883883 
181 	 43 	 0.883883 
181 	 126 	 0.883883 
181 	 134 	 0.883883 
181 	 135 	 0.883883 
181 	 146 	 0.883883 
181 	 174 	 0.883883 
181 	 182 	 0.883883 
181 	 183 	 0.883883 
181 	 194 	 0.883883 
182 	 36 	 0.883883 
182 	 39 	 0.883883 
182 	 52 	 0.883883 
182 	 55 	 0.883883 
182 	 162 	 0.883883 
182 	 169 	 0.883883 
182 	 171 	 0.883883 
182 	 174 	 0.883883 
182 	 181 	 0.883883 
182 	 183 	 0.883883 
182 	 217 	 0.883883 
182 	 229 	 0.883883 
183 	 39 	 0.883883 
183 	 43 	 0.883883 
183 	 55 	 0.883883 
183 	 59 	 0.883883 
183 	 178 	 0.883883 
183 	 179 	 0.883883 
183 	 181 	 0.883883 
183 	 182 	 0.883883 
183 	 191 	 0.883883 
183 	 194 	 0.883883 
183 	 226 	 0.883883 
183 	 229 	 0.883883 
184 	 40 	 0.883883 
184 	 41 	 0.883883 
184 	 44 	 0.883883 
184 	 45 	 0.883883 
184 	 137 	 0.883883 
184 	 138 	 0.883883 
184 	 141 	 0.883883 
184 	 149 	 0.883883 
184 	 185 	 0.883883 
184 	 186 	 0.883883 
184 	 189 	 0.883883 
184 	 197 	 0.883883 
185 	 40 	 0.883883 
185 	 41 	 0.883883 
185 	 56 	 0.883883 
185 	 57 	 0.883883 
185 	 172 	 0.883883 
185 	 174 	 0.883883 
185 	 177 	 0.883883 
185 	 184 	 0.883883 
185 	 186 	 0.883883 
185 	 189 	 0.883883 
185 	 220 	 0.883883 
185 	 232 	 0.883883 
186 	 40 	 0.883883 
186 	 44 	 0.883883 
186 	 56 	 0.883883 
186 	 60 	 0.883883 
186 	 184 	 0.883883 
186 	 185 	 0.883883 
186 	 193 	 0.883883 
186 	 194 	 0.883883 
186 	 197 	 0.883883 
186 	 206 	 0.883883 
186 	 232 	 0.883883 
186 	 241 	 0.883883 
187 	 41 	 0.883883 
187 	 42 	 0.883883 
187 	 45 	 0.883883 
187 	 46 	 0.883883 
187 	 140 	 0.883883 
187 	 141 	 0.883883 
187 	 144 	 0.883883 
187 	 152 	 0.883883 
187 	 188 	 0.883883 
187 	 189 	 0.883883 
187 	 192 	 0.883883 
187 	 200 	 0.883883 
188 	 41 	 0.883883 
188 	 42 	 0.883883 
188 	 57 	 0.883883 
188 	 58 	 0.883883 
188 	 175 	 0.883883 
188 	 177 	 0.883883 
188 	 180 	 0.883883 
188 	 187 	 0.883883 
188 	 189 	 0.883883 
188 	 192 	 0.883883 
188 	 223 	 0.883883 
188 	 235 	 0.883883 
189 	 41 	 0.883883 
189 	 45 	 0.883883 
189 	 57 	 0.883883 
189 	 61 	 0.883883 
189 	 184 	 0.883883 
189 	 185 	 0.883883 
189 	 187 	 0.883883 
189 	 188 	 0.883883 
189 	 197 	 0.883883 
189 	 200 	 0.883883 
189 	 232 	 0.883883 
189 	 235 	 0.883883 
190 	 42 	 0.883883 
190 	 43 	 0.883883 
190 	 46 	 0.883883 
190 	 47 	 0.883883 
190 	 143 	 0.883883 
190 	 144 	 0.883883 
190 	 147 	 0.883883 
190 	 155 	 0.883883 
190 	 191 	 0.883883 
190 	 192 	 0.883883 
190 	 195 	 0.883883 
190 	 203 	 0.883883 
191 	 42 	 0.883883 
191 	 43 	 0.883883 
191 	 58 	 0.883883 
191 	 59 	 0.883883 
191 	 178 	 0.883883 
191 	 180 	 0.883883 
191 	 183 	 0.883883 
191 	 190 	 0.883883 
191 	 192 	 0.883883 
191 	 195 	 0.883883 
191 	 226 	 0.883883 
191 	 238 	 0.883883 
192 	 42 	 0.883883 
192 	 46 	 0.883883 
192 	 58 	 0.883883 
192 	 62 	 0.883883 
192 	 187 	 0.883883 
192 	 188 	 0.883883 
192 	 190 	 0.883883 
192 	 191 	 0.883883 
192 	 200 	 0.883883 
192 	 203 	 0.883883 
192 	 235 	 0.883883 
192 	 238 	 0.883883 
193 	 40 	 0.883883 
193 	 43 	 0.883883 
193 	 44 	 0.883883 
193 	 47 	 0.883883 
193 	 138 	 0.883883 
193 	 146 	 0.883883 
193 	 147 	 0.883883 
193 	 158 	 0.883883 
193 	 186 	 0.883883 
193 	 194 	 0.883883 
193 	 195 	 0.883883 
193 	 206 	 0.883883 
194 	 40 	 0.883883 
194 	 43 	 0.883883 
194 	 56 	 0.883883 
194 	 59 	 0.883883 
194 	 174 	 0.883883 
194 	 181 	 0.883883 
194 	 183 	 0.883883 
194 	 186 	 0.883883 
194 	 193 	 0.883883 
194 	 195 	 0.883883 
194 	 229 	 0.883883 
194 	 241 	 0.883883 
195 	 43 	 0.883883 
195 	 47 	 0.883883 
195 	 59 	 0.883883 
195 	 63 	 0.883883 
195 	 190 	 0.883883 
195 	 191 	 0.883883 
195 	 193 	 0.883883 
195 	 194 	 0.883883 
195 	 203 	 0.883883 
195 	 206 	 0.883883 
195 	 238 	 0.883883 
195 	 241 	 0.883883 
196 	 32 	 0.883883 
196 	 33 	 0.883883 
196 	 44 	 0.883883 
196 	 45 	 0.883883 
196 	 113 	 0.883883 
196 	 149 	 0.883883 
196 	 150 	 0.883883 
196 	 153 	 0.883883 
196 	 161 	 0.883883 
196 	 197 	 0.883883 
196 	 198 	 0.883883 
196 	 201 	 0.883883 
197 	 44 	 0.883883 
197 	 45 	 0.883883 
197 	 60 	 0.883883 
197 	 61 	 0.883883 
197 	 184 	 0.883883 
197 	 186 	 0.883883 
197 	 189 	 0.883883 
197 	 196 	 0.883883 
197 	 198 	 0.883883 
197 	 201 	 0.883883 
197 	 232 	 0.883883 
197 	 244 	 0.883883 
198 	 32 	 0.883883 
198 	 44 	 0.883883 
198 	 48 	 0.883883 
198 	 60 	 0.883883 
198 	 161 	 0.883883 
198 	 170 	 0.883883 
198 	 196 	 0.883883 
198 	 197 	 0.883883 
198 	 205 	 0.883883 
198 	 206 	 0.883883 
198 	 244 	 0.883883 
198 	 253 	 0.883883 
199 	 33 	 0.883883 
199 	 34 	 0.883883 
199 	 45 	 0.883883 
199 	 46 	 0.883883 
199 	 116 	 0.883883 
199 	 152 	 0.883883 
199 	 153 	 0.883883 
199 	 156 	 0.883883 
199 	 164 	 0.883883 
199 	 200 	 0.883883 
199 	 201 	 0.883883 
199 	 204 	 0.883883 
200 	 45 	 0.883883 
200 	 46 	 0.883883 
200 	 61 	 0.883883 
200 	 62 	 0.883883 
200 	 187 	 0.883883 
200 	 189 	 0.883883 
200 	 192 	 0.883883 
200 	 199 	 0.883883 
200 	 201 	 0.883883 
200 	 204 	 0.883883 
200 	 235 	 0.883883 
200 	 247 	 0.883883 
201 	 33 	 0.883883 
201 	 45 	 0.883883 
201 	 49 	 0.883883 
201 	 61 	 0.883883 
201 	 161 	 0.883883 
201 	 164 	 0.883883 
201 	 196 	 0.883883 
201 	 197 	 0.883883 
201 	 199 	 0.883883 
201 	 200 	 0.883883 
201 	 244 	 0.883883 
201 	 247 	 0.883883 
202 	 34 	 0.883883 
202 	 35 	 0.883883 
202 	 46 	 0.883883 
202 	 47 	 0.883883 
202 	 119 	 0.883883 
202 	 155 	 0.883883 
202 	 156 	 0.883883 
202 	 159 	 0.883883 
202 	 167 	 0.883883 
202 	 203 	 0.883883 
202 	 204 	 0.883883 
202 	 207 	 0.883883 
203 	 46 	 0.883883 
203 	 47 	 0.883883 
203 	 62 	 0.883883 
203 	 63 	 0.883883 
203 	 190 	 0.883883 
203 	 192 	 0.883883 
203 	 195 	 0.883883 
203 	 202 	 0.883883 
203 	 204 	 0.883883 
203 	 207 	 0.883883 
203 	 238 	 0.883883 
203 	 250 	 0.883883 
204 	 34 	 0.883883 
204 	 46 	 0.883883 
204 	 50 	 0.883883 
204 	 62 	 0.883883 
204 	 164 	 0.883883 
204 	 167 	 0.883883 
204 	 199 	 0.883883 
204 	 200 	 0.883883 
204 	 202 	 0.883883 
204 	 203 	 0.883883 
204 	 247 	 0.883883 
204 	 250 	 0.883883 
205 	 32 	 0.883883 
205 	 35 	 0.883883 
205 	 44 	 0.883883 
205 	 47 	 0.883883 
205 	 122 	 0.883883 
205 	 150 	 0.883883 
205 	 158 	 0.883883 
205 	 159 	 0.883883 
205 	 170 	 0.883883 
205 	 198 	 0.883883 
205 	 206 	 0.883883 
205 	 207 	 0.883883 
206 	 44 	 0.883883 
206 	 47 	 0.883883 
206 	 60 	 0.883883 
206 	 63 	 0.883883 
206 	 186 	 0.883883 
206 	 193 	 0.883883 
206 	 195 	 0.883883 
206 	 198 	 0.883883 
206 	 205 	 0.883883 
206 	 207 	 0.883883 
206 	 241 	 0.883883 
206 	 253 	 0.883883 
207 	 35 	 0.883883 
207 	 47 	 0.883883 
207 	 51 	 0.883883 
207 	 63 	 0.883883 
207 	 167 	 0.883883 
207 	 170 	 0.883883 
207 	 202 	 0.883883 
207 	 203 	 0.883883 
207 	 205 	 0.883883 
207 	 206 	 0.883883 
207 	 250 	 0.883883 
207 	 253 	 0.883883 
208 	 48 	 0.883883 
208 	 49 	 0.883883 
208 	 52 	 0.883883 
208 	 53 	 0.883883 
208 	 161 	 0.883883 
208 	 162 	 0.883883 
208 	 165 	 0.883883 
208 	 173 	 0.883883 
208 	 209 	 0.883883 
208 	 210 	 0.883883 
208 	 213 	 0.883883 
208 	 221 	 0.883883 
209 	 0 	 0.883883 
209 	 1 	 0.883883 
209 	 48 	 0.883883 
209 	 49 	 0.883883 
209 	 64 	 0.883883 
209 	 100 	 0.883883 
209 	 208 	 0.883883 
209 	 210 	 0.883883 
209 	 213 	 0.883883 
209 	 244 	 0.883883 
209 	 246 	 0.883883 
209 	 249 	 0.883883 
210 	 0 	 0.883883 
210 	 4 	 0.883883 
210 	 48 	 0.883883 
210 	 52 	 0.883883 
210 	 64 	 0.883883 
210 	 73 	 0.883883 
210 	 208 	 0.883883 
210 	 209 	 0.883883 
210 	 217 	 0.883883 
210 	 218 	 0.883883 
210 	 221 	 0.883883 
210 	 230 	 0.883883 
211 	 49 	 0.883883 
211 	 50 	 0.883883 
211 	 53 	 0.883883 
211 	 54 	 0.883883 
211 	 164 	 0.883883 
211 	 165 	 0.883883 
211 	 168 	 0.883883 
211 	 176 	 0.883883 
211 	 212 	 0.883883 
211 	 213 	 0.883883 
211 	 216 	 0.883883 
211 	 224 	 0.883883 
212 	 1 	 0.883883 
212 	 2 	 0.883883 
212 	 49 	 0.883883 
212 	 50 	 0.883883 
212 	 67 	 0.883883 
212 	 103 	 0.883883 
212 	 211 	 0.883883 
212 	 213 	 0.883883 
212 	 216 	 0.883883 
212 	 247 	 0.883883 
212 	 249 	 0.883883 
212 	 252 	 0.883883 
213 	 1 	 0.883883 
213 	 5 	 0.883883 
213 	 49 	 0.883883 
213 	 53 	 0.883883 
213 	 64 	 0.883883 
213 	 67 	 0.883883 
213 	 208 	 0.883883 
213 	 209 	 0.883883 
213 	 211 	 0.883883 
213 	 212 	 0.883883 
213 	 221 	 0.883883 
213 	 224 	 0.883883 
214 	 50 	 0.883883 
214 	 51 	 0.883883 
214 	 54 	 0.883883 
214 	 55 	 0.883883 
214 	 167 	 0.883883 
214 	 168 	 0.883883 
214 	 171 	 0.883883 
214 	 179 	 0.883883 
214 	 215 	 0.883883 
214 	 216 	 0.883883 
214 	 219 	 0.883883 
214 	 227 	 0.883883 
215 	 2 	 0.883883 
215 	 3 	 0.883883 
215 	 50 	 0.883883 
215 	 51 	 0.883883 
215 	 70 	 0.883883 
215 	 106 	 0.883883 
215 	 214 	 0.883883 
215 	 216 	 0.883883 
215 	 219 	 0.883883 
215 	 250 	 0.883883 
215 	 252 	 0.883883 
215 	 255 	 0.883883 
216 	 2 	 0.883883 
216 	 6 	 0.883883 
216 	 50 	 0.883883 
216 	 54 	 0.883883 
216 	 67 	 0.883883 
216 	 70 	 0.883883 
216 	 211 	 0.883883 
216 	 212 	 0.883883 
216 	 214 	 0.883883 
216 	 215 	 0.883883 
216 	 224 	 0.883883 
216 	 227 	 0.883883 
217 	 48 	 0.883883 
217 	 51 	 0.883883 
217 	 52 	 0.883883 
217 	 55 	 0.883883 
217 	 162 	 0.883883 
217 	 170 	 0.883883 
217 	 171 	 0.883883 
217 	 182 	 0.883883 
217 	 210 	 0.883883 
217 	 218 	 0.883883 
217 	 219 	 0.883883 
217 	 230 	 0.883883 
218 	 0 	 0.883883 
218 	 3 	 0.883883 
218 	 48 	 0.883883 
218 	 51 	 0.883883 
218 	 73 	 0.883883 
218 	 109 	 0.883883 
218 	 210 	 0.883883 
218 	 217 	 0.883883 
218 	 219 	 0.883883 
218 	 246 	 0.883883 
218 	 253 	 0.883883 
218 	 255 	 0.883883 
219 	 3 	 0.883883 
219 	 7 	 0.883883 
219 	 51 	 0.883883 
219 	 55 	 0.883883 
219 	 70 	 0.883883 
219 	 73 	 0.883883 
219 	 214 	 0.883883 
219 	 215 	 0.883883 
219 	 217 	 0.883883 
219 	 218 	 0.883883 
219 	 227 	 0.883883 
219 	 230 	 0.883883 
220 	 52 	 0.883883 
220 	 53 	 0.883883 
220 	 56 	 0.883883 
220 	 57 	 0.883883 
220 	 173 	 0.883883 
220 	 174 	 0.883883 
220 	 177 	 0.883883 
220 	 185 	 0.883883 
220 	 221 	 0.883883 
220 	 222 	 0.883883 
220 	 225 	 0.883883 
220 	 233 	 0.883883 
221 	 4 	 0.883883 
221 	 5 	 0.883883 
221 	 52 	 0.883883 
221 	 53 	 0.883883 
221 	 64 	 0.883883 
221 	 76 	 0.883883 
221 	 208 	 0.883883 
221 	 210 	 0.883883 
221 	 213 	 0.883883 
221 	 220 	 0.883883 
221 	 222 	 0.883883 
221 	 225 	 0.883883 
222 	 4 	 0.883883 
222 	 8 	 0.883883 
222 	 52 	 0.883883 
222 	 56 	 0.883883 
222 	 76 	 0.883883 
222 	 85 	 0.883883 
222 	 220 	 0.883883 
222 	 221 	 0.883883 
222 	 229 	 0.883883 
222 	 230 	 0.883883 
222 	 233 	 0.883883 
222 	 242 	 0.883883 
223 	 53 	 0.883883 
223 	 54 	 0.883883 
223 	 57 	 0.883883 
223 	 58 	 0.883883 
223 	 176 	 0.883883 
223 	 177 	 0.883883 
223 	 180 	 0.883883 
223 	 188 	 0.883883 
223 	 224 	 0.883883 
223 	 225 	 0.883883 
223 	 228 	 0.883883 
223 	 236 	 0.883883 
224 	 5 	 0.883883 
224 	 6 	 0.883883 
224 	 53 	 0.883883 
224 	 54 	 0.883883 
224 	 67 	 0.883883 
224 	 79 	 0.883883 
224 	 211 	 0.883883 
224 	 213 	 0.883883 
224 	 216 	 0.883883 
224 	 223 	 0.883883 
224 	 225 	 0.883883 
224 	 228 	 0.883883 
225 	 5 	 0.883883 
225 	 9 	 0.883883 
225 	 53 	 0.883883 
225 	 57 	 0.883883 
225 	 76 	 0.883883 
225 	 79 	 0.883883 
225 	 220 	 0.883883 
225 	 221 	 0.883883 
225 	 223 	 0.883883 
225 	 224 	 0.883883 
225 	 233 	 0.883883 
225 	 236 	 0.883883 
226 	 54 	 0.883883 
226 	 55 	 0.883883 
226 	 58 	 0.883883 
226 	 59 	 0.883883 
226 	 179 	 0.883883 
226 	 180 	 0.883883 
226 	 183 	 0.883883 
226 	 191 	 0.883883 
226 	 227 	 0.883883 
226 	 228 	 0.883883 
226 	 231 	 0.883883 
226 	 239 	 0.883883 
227 	 6 	 0.883883 
227 	 7 	 0.883883 
227 	 54 	 0.883883 
227 	 55 	 0.883883 
227 	 70 	 0.883883 
227 	 82 	 0.883883 
227 	 214 	 0.883883 
227 	 216 	 0.883883 
227 	 219 	 0.883883 
227 	 226 	 0.883883 
227 	 228 	 0.883883 
227 	 231 	 0.883883 
228 	 6 	 0.883883 
228 	 10 	 0.883883 
228 	 54 	 0.883883 
228 	 58 	 0.883883 
228 	 79 	 0.883883 
228 	 82 	 0.883883 
228 	 223 	 0.883883 
228 	 224 	 0.883883 
228 	 226 	 0.883883 
228 	 227 	 0.883883 
228 	 236 	 0.883883 
228 	 239 	 0.883883 
229 	 52 	 0.883883 
229 	 55 	 0.883883 
229 	 56 	 0.883883 
229 	 59 	 0.883883 
229 	 174 	 0.883883 
229 	 182 	 0.883883 
229 	 183 	 0.883883 
229 	 194 	 0.883883 
229 	 222 	 0.883883 
229 	 230 	 0.883883 
229 	 231 	 0.883883 
229 	 242 	 0.883883 
230 	 4 	 0.883883 
230 	 7 	 0.883883 
230 	 52 	 0.883883 
230 	 55 	 0.883883 
230 	 73 	 0.883883 
230 	 85 	 0.883883 
230 	 210 	 0.883883 
230 	 217 	 0.883883 
230 	 219 	 0.883883 
230 	 222 	 0.883883 
230 	 229 	 0.883883 
230 	 231 	 0.883883 
231 	 7 	 0.883883 
231 	 11 	 0.883883 
231 	 55 	 0.883883 
231 	 59 	 0.883883 
231 	 82 	 0.883883 
231 	 85 	 0.883883 
231 	 226 	 0.883883 
231 	 227 	 0.883883 
231 	 229 	 0.883883 
231 	 230 	 0.883883 
231 	 239 	 0.883883 
231 	 242 	 0.883883 
232 	 56 	 0.883883 
232 	 57 	 0.883883 
232 	 60 	 0.883883 
232 	 61 	 0.883883 
232 	 185 	 0.883883 
232 	 186 	 0.883883 
232 	 189 	 0.883883 
232 	 197 	 0.883883 
232 	 233 	 0.883883 
232 	 234 	 0.883883 
232 	 237 	 0.883883 
232 	 245 	 0.883883 
233 	 8 	 0.883883 
233 	 9 	 0.883883 
233 	 56 	 0.883883 
233 	 57 	 0.883883 
233 	 76 	 0.883883 
233 	 88 	 0.883883 
233 	 220 	 0.883883 
233 	 222 	 0.883883 
233 	 225 	 0.883883 
233 	 232 	 0.883883 
233 	 234 	 0.883883 
233 	 237 	 0.883883 
234 	 8 	 0.883883 
234 	 12 	 0.883883 
234 	 56 	 0.883883 
234 	 60 	 0.883883 
234 	 88 	 0.883883 
234 	 97 	 0.883883 
234 	 232 	 0.883883 
234 	 233 	 0.883883 
234 	 241 	 0.883883 
234 	 242 	 0.883883 
234 	 245 	 0.883883 
234 	 254 	 0.883883 
235 	 57 	 0.883883 
235 	 58 	 0.883883 
235 	 61 	 0.883883 
235 	 62 	 0.883883 
235 	 188 	 0.883883 
235 	 189 	 0.883883 
235 	 192 	 0.883883 
235 	 200 	 0.883883 
235 	 236 	 0.883883 
235 	 237 	 0.883883 
235 	 240 	 0.883883 
235 	 248 	 0.883883 
236 	 9 	 0.883883 
236 	 10 	 0.883883 
236 	 57 	 0.883883 
236 	 58 	 0.883883 
236 	 79 	 0.883883 
236 	 91 	 0.883883 
236 	 223 	 0.883883 
236 	 225 	 0.883883 
236 	 228 	 0.883883 
236 	 235 	 0.883883 
236 	 237 	 0.883883 
236 	 240 	 0.883883 
237 	 9 	 0.883883 
237 	 13 	 0.883883 
237 	 57 	 0.883883 
237 	 61 	 0.883883 
237 	 88 	 0.883883 
237 	 91 	 0.883883 
237 	 232 	 0.883883 
237 	 233 	 0.883883 
237 	 235 	 0.883883 
237 	 236 	 0.883883 
237 	 245 	 0.883883 
237 	 248 	 0.883883 
238 	 58 	 0.883883 
238 	 59 	 0.883883 
238 	 62 	 0.883883 
238 	 63 	 0.883883 
238 	 191 	 0.883883 
238 	 192 	 0.883883 
238 	 195 	 0.883883 
238 	 203 	 0.883883 
238 	 239 	 0.883883 
238 	 240 	 0.883883 
238 	 243 	 0.883883 
238 	 251 	 0.883883 
239 	 10 	 0.883883 
239 	 11 	 0.883883 
239 	 58 	 0.883883 
239 	 59 	 0.883883 
239 	 82 	 0.883883 
239 	 94 	 0.883883 
239 	 226 	 0.883883 
239 	 228 	 0.883883 
239 	 231 	 0.883883 
239 	 238 	 0.883883 
239 	 240 	 0.883883 
239 	 243 	 0.883883 
240 	 10 	 0.883883 
240 	 14 	 0.883883 
240 	 58 	 0.883883 
240 	 62 	 0.883883 
240 	 91 	 0.883883 
240 	 94 	 0.883883 
240 	 235 	 0.883883 
240 	 236 	 0.883883 
240 	 238 	 0.883883 
240 	 239 	 0.883883 
240 	 248 	 0.883883 
240 	 251 	 0.883883 
241 	 56 	 0.883883 
241 	 59 	 0.883883 
241 	 60 	 0.883883 
241 	 63 	 0.883883 
241 	 186 	 0.883883 
241 	 194 	 0.883883 
241 	 195 	 0.883883 
241 	 206 	 0.883883 
241 	 234 	 0.883883 
241 	 242 	 0.883883 
241 	 243 	 0.883883 
241 	 254 	 0.883883 
242 	 8 	 0.883883 
242 	 11 	 0.883883 
242 	 56 	 0.883883 
242 	 59 	 0.883883 
242 	 85 	 0.883883 
242 	 97 	 0.883883 
242 	 222 	 0.883883 
242 	 229 	 0.883883 
242 	 231 	 0.883883 
242 	 234 	 0.883883 
242 	 241 	 0.883883 
242 	 243 	 0.883883 
243 	 11 	 0.883883 
243 	 15 	 0.883883 
243 	 59 	 0.883883 
243 	 63 	 0.883883 
243 	 94 	 0.883883 
243 	 97 	 0.883883 
243 	 238 	 0.883883 
243 	 239 	 0.883883 
243 	 241 	 0.883883 
243 	 242 	 0.883883 
243 	 251 	 0.883883 
243 	 254 	 0.883883 
244 	 48 	 0.883883 
244 	 49 	 0.883883 
244 	 60 	 0.883883 
244 	 61 	 0.883883 
244 	 161 	 0.883883 
244 	 197 	 0.883883 
244 	 198 	 0.883883 
244 	 201 	 0.883883 
244 	 209 	 0.883883 
244 	 245 	 0.883883 
244 	 246 	 0.883883 
244 	 249 	 0.883883 
245 	 12 	 0.883883 
245 	 13 	 0.883883 
245 	 60 	 0.883883 
245 	 61 	 0.883883 
245 	 88 	 0.883883 
245 	 100 	 0.883883 
245 	 232 	 0.883883 
245 	 234 	 0.883883 
245 	 237 	 0.883883 
245 	 244 	 0.883883 
245 	 246 	 0.883883 
245 	 249 	 0.883883 
246 	 0 	 0.883883 
246 	 12 	 0.883883 
246 	 48 	 0.883883 
246 	 60 	 0.883883 
246 	 100 	 0.883883 
246 	 109 	 0.883883 
246 	 209 	 0.883883 
246 	 218 	 0.883883 
246 	 244 	 0.883883 
246 	 245 	 0.883883 
246 	 253 	 0.883883 
246 	 254 	 0.883883 
247 	 49 	 0.883883 
247 	 50 	 0.883883 
247 	 61 	 0.883883 
247 	 62 	 0.883883 
247 	 164 	 0.883883 
247 	 200 	 0.883883 
247 	 201 	 0.883883 
247 	 204 	 0.883883 
247 	 212 	 0.883883 
247 	 248 	 0.883883 
247 	 249 	 0.883883 
247 	 252 	 0.883883 
248 	 13 	 0.883883 
248 	 14 	 0.883883 
248 	 61 	 0.883883 
248 	 62 	 0.883883 
248 	 91 	 0.883883 
248 	 103 	 0.883883 
248 	 235 	 0.883883 
248 	 237 	 0.883883 
248 	 240 	 0.883883 
248 	 247 	 0.883883 
248 	 249 	 0.883883 
248 	 252 	 0.883883 
249 	 1 	 0.883883 
249 	 13 	 0.883883 
249 	 49 	 0.883883 
249 	 61 	 0.883883 
249 	 100 	 0.883883 
249 	 103 	 0.883883 
249 	 209 	 0.883883 
249 	 212 	 0.883883 
249 	 244 	 0.883883 
249 	 245 	 0.883883 
249 	 247 	 0.883883 
249 	 248 	 0.883883 
250 	 50 	 0.883883 
250 	 51 	 0.883883 
250 	 62 	 0.883883 
250 	 63 	 0.883883 
250 	 167 	 0.883883 
250 	 203 	 0.883883 
250 	 204 	 0.883883 
250 	 207 	 0.883883 
250 	 215 	 0.883883 
250 	 251 	 0.883883 
250 	 252 	 0.883883 
250 	 255 	 0.883883 
251 	 14 	 0.883883 
251 	 15 	 0.883883 
251 	 62 	 0.883883 
251 	 63 	 0.883883 
251 	 94 	 0.883883 
251 	 106 	 0.883883 
251 	 238 	 0.883883 
251 	 240 	 0.883883 
251 	 243 	 0.883883 
251 	 250 	 0.883883 
251 	 252 	 0.883883 
251 	 255 	 0.883883 
252 	 2 	 0.883883 
252 	 14 	 0.883883 
252 	 50 	 0.883883 
252 	 62 	 0.883883 
252 	 103 	 0.883883 
252 	 106 	 0.883883 
252 	 212 	 0.883883 
252 	 215 	 0.883883 
252 	 247 	 0.883883 
252 	 248 	 0.883883 
252 	 250 	 0.883883 
252 	 251 	 0.883883 
253 	 48 	 0.883883 
253 	 51 	 0.883883 
253 	 60 	 0.883883 
253 	 63 	 0.883883 
253 	 170 	 0.883883 
253 	 198 	 0.883883 
253 	 206 	 0.883883 
253 	 207 	 0.883883 
253 	 218 	 0.883883 
253 	 246 	 0.883883 
253 	 254 	 0.883883 
253 	 255 	 0.883883 
254 	 12 	 0.883883 
254 	 15 	 0.883883 
254 	 60 	 0.883883 
254 	 63 	 0.883883 
254 	 97 	 0.883883 
254 	 109 	 0.883883 
254 	 234 	 0.883883 
254 	 241 	 0.883883 
254 	 243 	 0.883883 
254 	 246 	 0.883883 
254 	 253 	 0.883883 
254 	 255 	 0.883883 
255 	 3 	 0.883883 
255 	 15 	 0.883883 
255 	 51 	 0.883883 
255 	 63 	 0.883883 
255 	 106 	 0.883883 
255 	 109 	 0.883883 
255 	 215 	 0.883883 
255 	 218 	 0.883883 
255 	 250 	 0.883883 
255 	 251 	 0.883883 
255 	 253 	 0.883883 
255 	 254 	 0.883883 
